bitrates   6.5000000e+06   1.3000000e+07   2.6000000e+07   3.9000000e+07   5.2000000e+07   5.8500000e+07   6.5000000e+07   7.8000000e+07   1.0400000e+08   1.1700000e+08   1.3000000e+08
00:00:00:00:00:01   4.2844051e-02   3.9360410e-01   5.5171035e-01   6.5268859e-01   4.8888516e-01   6.7015979e-01   6.9797521e-01   6.7461933e-01   5.0859951e-01   4.8888516e-01   5.3027538e-01
00:00:00:00:00:02   2.6496681e-02   3.5742951e-01   5.2990223e-01   6.4307666e-01   5.0589034e-01   6.8270274e-01   6.8947860e-01   6.4156548e-01   4.8888516e-01   5.0575666e-01   5.4156838e-01
00:00:00:00:00:03   1.3085102e-01   4.0676138e-01   5.3201331e-01   6.3277093e-01   4.8888516e-01   6.7588811e-01   6.7529374e-01   6.6908977e-01   5.4670516e-01   4.9303253e-01   5.8852257e-01
00:00:00:00:00:04   1.3897814e-01   4.4809408e-01   5.4704659e-01   6.4732228e-01   4.8888516e-01   6.9230493e-01   6.9751896e-01   6.6414443e-01   5.2717310e-01   5.0762572e-01   5.0587296e-01
00:00:00:00:00:05   6.4770102e-02   3.6161900e-01   5.1364833e-01   6.2404376e-01   4.8888516e-01   6.5859138e-01   6.6910115e-01   6.5132636e-01   5.2156925e-01   5.1710025e-01   5.4446718e-01
00:00:00:00:00:06   7.1155848e-02   3.2555011e-01   5.1151758e-01   6.2455723e-01   5.0512091e-01   6.8044259e-01   6.8724073e-01   6.1395805e-01   5.2190887e-01   4.8888516e-01   5.2305833e-01
00:00:00:00:00:07   1.8710281e-01   3.7675054e-01   5.1458229e-01   6.2457323e-01   4.8888516e-01   6.6691492e-01   6.5307684e-01   6.4257766e-01   5.4073815e-01   4.8888516e-01   5.0703574e-01
00:00:00:00:00:08   1.0825715e-01   3.4709188e-01   5.3261286e-01   6.3112913e-01   4.8888516e-01   6.7089023e-01   6.8626972e-01   6.1275237e-01   5.3447144e-01   4.9248292e-01   5.0301528e-01
00:00:00:00:00:09   1.6391571e-01   3.7110621e-01   5.2815132e-01   6.4314587e-01   4.8888516e-01   6.7979439e-01   6.8400581e-01   6.5044581e-01   5.2276420e-01   4.8888516e-01   4.9283908e-01
00:00:00:00:00:0a   3.0548071e-02   3.9595667e-01   5.4441130e-01   6.3879631e-01   5.0670350e-01   6.8936907e-01   6.8300231e-01   6.4632516e-01   5.3683649e-01   5.0719510e-01   5.4483021e-01
00:00:00:00:00:0b   1.6315849e-01   4.0099862e-01   5.5347738e-01   6.3728358e-01   4.8888516e-01   6.8047329e-01   6.7798851e-01   6.3194557e-01   5.2186704e-01   5.0494738e-01   5.1686090e-01
