bitrates   6.5000000e+06   1.3000000e+07   2.6000000e+07   3.9000000e+07   5.2000000e+07   5.8500000e+07   6.5000000e+07   7.8000000e+07   1.0400000e+08   1.1700000e+08   1.3000000e+08
00:00:00:00:00:01   7.2500134e-02   8.9313556e-02   4.9318770e-01   6.2992269e-01   5.0613250e-01   7.3117528e-01   7.4672482e-01   6.7025493e-01   5.1390514e-01   4.8896259e-01   5.5448914e-01
00:00:00:00:00:02   7.6334816e-02   1.4357988e-01   4.9813888e-01   6.3473867e-01   5.0715981e-01   7.4562209e-01   7.4832302e-01   6.3722619e-01   5.3854250e-01   4.9491816e-01   5.1105326e-01
00:00:00:00:00:03   5.0879885e-02   1.6003982e-01   4.7979747e-01   5.9795869e-01   5.0330914e-01   6.9226862e-01   7.0759882e-01   6.9673421e-01   6.2455612e-01   5.1056821e-01   5.4832660e-01
00:00:00:00:00:04   3.0989924e-02   5.2697082e-02   4.8826825e-01   6.1534996e-01   5.0549055e-01   7.0055632e-01   7.3715448e-01   7.2022409e-01   5.3967585e-01   4.8896259e-01   5.6889510e-01
00:00:00:00:00:05   5.2452487e-02   1.2287627e-01   4.9121305e-01   6.2275633e-01   4.8896259e-01   7.1642720e-01   7.3790293e-01   6.8773260e-01   5.3501088e-01   5.1139396e-01   5.4650957e-01
00:00:00:00:00:06   9.6219005e-02   2.0388606e-01   5.2093496e-01   6.3698713e-01   4.8896259e-01   7.2499376e-01   7.5079954e-01   7.2156604e-01   5.8739980e-01   4.8896259e-01   5.6348525e-01
00:00:00:00:00:07   9.5694944e-02   1.9274977e-01   5.4917725e-01   6.7109996e-01   5.5548122e-01   7.7063639e-01   7.7533890e-01   7.2011554e-01   5.2284396e-01   4.8896259e-01   5.9789348e-01
00:00:00:00:00:08   6.5794702e-02   9.5460706e-02   5.4267266e-01   6.7672776e-01   4.8896259e-01   7.7595091e-01   7.8886412e-01   7.2509566e-01   5.4864556e-01   4.8896259e-01   5.1539877e-01
00:00:00:00:00:09   6.7016263e-02   1.0974670e-01   4.8885287e-01   6.2710783e-01   5.0482794e-01   7.1645695e-01   7.4598475e-01   6.8040113e-01   5.1286030e-01   4.9345205e-01   5.5126687e-01
00:00:00:00:00:0a   3.5527198e-02   7.2008489e-02   5.0654831e-01   6.4336698e-01   4.8896259e-01   7.3634138e-01   7.6336351e-01   6.7963876e-01   5.3975682e-01   5.1893565e-01   5.3254097e-01
00:00:00:00:00:0b   8.8130225e-02   1.1097594e-01   5.1100705e-01   6.4692508e-01   4.8896259e-01   7.4771531e-01   7.5690160e-01   7.1913145e-01   5.4223180e-01   4.8896259e-01   5.1266225e-01
00:00:00:00:00:0c   6.7616006e-02   1.8824017e-01   5.2744835e-01   6.5528463e-01   4.8896259e-01   7.5586946e-01   7.8630862e-01   5.9750521e-01   5.8724385e-01   4.8896259e-01   5.1307764e-01
00:00:00:00:00:0d   8.3929170e-02   2.2830760e-01   4.9244221e-01   6.1596573e-01   5.0592865e-01   7.1488725e-01   7.1633111e-01   7.1543058e-01   5.3589330e-01   5.3363707e-01   5.5241770e-01
