bitrates   6.5000000e+06   1.3000000e+07   2.6000000e+07   3.9000000e+07   5.2000000e+07   5.8500000e+07   6.5000000e+07   7.8000000e+07   1.0400000e+08   1.1700000e+08   1.3000000e+08
00:00:00:00:00:01   1.0990338e-01   2.4335113e-01   5.1246393e-01   6.3468530e-01   5.0614033e-01   7.4067420e-01   6.9299348e-01   6.8816440e-01   5.4730414e-01   5.2585094e-01   5.4360846e-01
00:00:00:00:00:02   7.1455952e-02   1.9542192e-01   5.0278739e-01   6.1886488e-01   5.2371013e-01   7.0561342e-01   7.1636450e-01   7.0197301e-01   5.6739974e-01   5.0126984e-01   5.8986527e-01
00:00:00:00:00:03   6.5854723e-02   1.3369703e-01   4.8658599e-01   6.1446377e-01   5.0380913e-01   7.0341016e-01   7.2956050e-01   6.4806504e-01   5.0527783e-01   5.0806151e-01   5.1797079e-01
00:00:00:00:00:04   6.4122191e-02   1.6778954e-01   4.8575136e-01   6.0724289e-01   5.0280258e-01   6.8797421e-01   7.2306541e-01   6.8357767e-01   5.0924797e-01   4.8961484e-01   5.4210302e-01
00:00:00:00:00:05   6.6593300e-02   6.0889336e-02   5.0139131e-01   6.4370150e-01   4.8961484e-01   7.4131206e-01   7.5432091e-01   6.5754800e-01   4.8961484e-01   4.8961484e-01   4.8961484e-01
00:00:00:00:00:06   8.7767890e-02   1.4820221e-01   5.0841178e-01   6.3491651e-01   4.8961484e-01   7.2470497e-01   7.4169812e-01   6.7584866e-01   5.2692452e-01   5.0606197e-01   5.2540334e-01
00:00:00:00:00:07   5.3880283e-02   2.3301193e-01   4.6651961e-01   5.8765618e-01   5.0025947e-01   6.8342387e-01   7.0112573e-01   6.3779843e-01   5.2199547e-01   4.9500650e-01   5.2426292e-01
00:00:00:00:00:08   3.2753092e-02   1.2778580e-01   5.0771246e-01   6.2969588e-01   5.0562833e-01   7.1465644e-01   7.3479379e-01   6.7567921e-01   5.2512327e-01   5.3705525e-01   5.7709653e-01
00:00:00:00:00:09   1.0889051e-01   1.9164445e-01   5.1575783e-01   6.4510160e-01   5.1214760e-01   7.3847518e-01   7.5189147e-01   6.7547117e-01   5.6033777e-01   4.8961484e-01   5.5888919e-01
