bitrates   6.5000000e+06   1.3000000e+07   2.6000000e+07   3.9000000e+07   5.2000000e+07   5.8500000e+07   6.5000000e+07   7.8000000e+07   1.0400000e+08   1.1700000e+08   1.3000000e+08
00:00:00:00:00:01   8.6816512e-02   2.1242637e-01   5.3006685e-01   6.4554671e-01   4.9051700e-01   7.4083176e-01   7.5715139e-01   7.3849282e-01   5.4199655e-01   5.1412311e-01   5.4599987e-01
00:00:00:00:00:02   4.2066274e-02   1.1918456e-01   4.9687176e-01   6.1833118e-01   5.0668670e-01   7.1670856e-01   7.3269315e-01   6.9766792e-01   5.1095254e-01   5.0948764e-01   5.3728484e-01
00:00:00:00:00:03   2.9991449e-02   1.2327130e-01   4.8369299e-01   6.1590877e-01   4.8910788e-01   7.1029951e-01   7.2632780e-01   6.6945138e-01   5.3516222e-01   5.1415482e-01   5.6733295e-01
00:00:00:00:00:04   7.9034484e-02   1.9339387e-01   5.2826998e-01   6.3690778e-01   4.8910788e-01   7.4493983e-01   7.5896031e-01   6.9616123e-01   5.3983859e-01   4.8910788e-01   5.1328195e-01
00:00:00:00:00:05   9.2379642e-02   1.7996534e-01   5.0787056e-01   6.3267276e-01   5.0834263e-01   6.9203652e-01   7.6021927e-01   6.9478831e-01   5.4051759e-01   5.1830287e-01   6.0500090e-01
00:00:00:00:00:06   8.6129421e-02   1.7096464e-01   4.9887032e-01   6.2205027e-01   4.8910788e-01   7.0533200e-01   7.5300433e-01   6.8263085e-01   4.8910788e-01   5.0982584e-01   5.0805048e-01
00:00:00:00:00:07   8.1089492e-02   1.3552281e-01   5.2218596e-01   6.3280736e-01   4.8910788e-01   7.3836555e-01   7.5090832e-01   6.9199305e-01   5.5762649e-01   5.1232695e-01   5.2997856e-01
00:00:00:00:00:08   7.5287426e-02   1.2424598e-01   5.1127093e-01   6.4066106e-01   4.9134262e-01   7.4695091e-01   7.2704834e-01   7.0342116e-01   4.8910788e-01   5.1110493e-01   5.2799381e-01
00:00:00:00:00:09   5.9661166e-02   9.1438045e-02   5.0999554e-01   6.5658362e-01   4.8910788e-01   7.5142437e-01   7.5220926e-01   7.1776776e-01   5.3747300e-01   4.8910788e-01   5.6631263e-01
00:00:00:00:00:0a   7.9198620e-02   2.1331927e-01   5.0693683e-01   6.4109108e-01   4.8910788e-01   7.1541160e-01   7.5550841e-01   7.2656884e-01   5.1561111e-01   5.1133660e-01   5.7735805e-01
00:00:00:00:00:0b   2.7876662e-02   1.3272147e-01   4.8573012e-01   6.0119262e-01   5.1874606e-01   6.9535714e-01   7.2628638e-01   6.8712934e-01   5.3616533e-01   4.8910788e-01   5.8094793e-01
00:00:00:00:00:0c   7.3292225e-02   1.0979371e-01   5.1964634e-01   6.5245859e-01   4.8910788e-01   7.4822695e-01   7.6913360e-01   6.7502694e-01   5.4509104e-01   4.8910788e-01   5.4970641e-01
