bitrates   6.5000000e+06   1.3000000e+07   2.6000000e+07   3.9000000e+07   5.2000000e+07   5.8500000e+07   6.5000000e+07   7.8000000e+07   1.0400000e+08   1.1700000e+08   1.3000000e+08
00:00:00:00:00:01   8.1730255e-02   2.1873407e-01   5.1263494e-01   6.2624116e-01   4.8857298e-01   7.1821185e-01   7.3164090e-01   7.1839097e-01   5.9463240e-01   4.8857298e-01   5.6598449e-01
00:00:00:00:00:02   3.0928637e-02   1.4177585e-01   4.9675315e-01   6.3329434e-01   5.0365463e-01   7.1199653e-01   7.1956193e-01   7.0028083e-01   4.8857298e-01   4.8857298e-01   4.8857298e-01
00:00:00:00:00:03   7.2850745e-02   3.1134822e-01   5.5866022e-01   6.5631741e-01   5.1226130e-01   7.5061672e-01   7.4464376e-01   6.7932925e-01   6.4701063e-01   5.5906523e-01   5.5749257e-01
00:00:00:00:00:04   8.0586284e-02   2.4662707e-01   5.2880185e-01   6.4225084e-01   4.8857298e-01   7.3067491e-01   6.8579289e-01   7.4580651e-01   5.2016160e-01   5.0826147e-01   6.4189726e-01
00:00:00:00:00:05   7.8691554e-02   2.3293169e-01   4.8325966e-01   6.0876945e-01   4.8857298e-01   6.9125044e-01   7.1232461e-01   6.8074139e-01   5.0452732e-01   4.8857298e-01   4.8857298e-01
00:00:00:00:00:06   8.9971313e-02   2.3599521e-01   5.3265019e-01   6.4891145e-01   4.8857298e-01   7.4403554e-01   7.3743878e-01   7.0442497e-01   5.3987994e-01   4.9856783e-01   5.4005483e-01
00:00:00:00:00:07   9.4376432e-02   3.2562833e-01   5.4611593e-01   6.5966020e-01   4.8857298e-01   7.3957077e-01   7.7655865e-01   6.7421544e-01   5.6806486e-01   5.1004178e-01   5.5241958e-01
00:00:00:00:00:08   9.6363105e-02   2.8636620e-01   5.1527216e-01   6.2737722e-01   4.8857298e-01   7.1214198e-01   7.1367069e-01   6.9899859e-01   5.5687239e-01   4.9488874e-01   5.7902748e-01
00:00:00:00:00:09   7.1195519e-02   2.4886667e-01   4.9089003e-01   6.1369757e-01   4.8857298e-01   6.9661141e-01   7.1852351e-01   6.5005983e-01   5.2140827e-01   5.0440211e-01   5.6214833e-01
00:00:00:00:00:0a   7.9550874e-02   1.7912004e-01   5.1157107e-01   6.4453556e-01   4.8857298e-01   7.3701282e-01   7.5226067e-01   6.9183503e-01   5.0950590e-01   5.0797219e-01   5.4025240e-01
