1472	0
1472	0
1472	0
1472	0
1472	0
1472	0
1472	0
1472	0
1472	0
1472	0
1472	0
1472	0
1472	0
1472	0
1472	0
1472	0
1472	0
1472	0
1472	0
1472	0
1472	0
1472	0
1472	0
1472	0
1472	0
1472	0
1472	0
1472	0
1472	0
1472	0
1472	0
1472	0
1472	0
1472	0
1472	0
1472	0
1472	0
1472	0
1472	0
1472	0
1472	0
1472	0
1472	0
1472	0
1472	0
117	0.017
1472	0
1472	0
1472	0
1472	0
1472	0
1472	0
1472	0
1472	0
1472	0
1472	0
1472	0
1472	0
1472	0
1472	0
1472	0
1472	0
1472	0
1472	0
1472	0
1472	0
1472	0
1472	0
1472	0
1472	0
1472	0
1472	0
1472	0
1472	0
1472	0
1472	0
1472	0
1472	0
1472	0
1472	0
1472	0
1472	0
1472	0
1472	0
1472	0
1472	0
1472	0
1472	0
1472	0
1472	0
1472	0
1472	0
1472	0
1472	0
1472	0
1472	0
1472	0
1472	0
1472	0
1472	0
1472	0
1472	0
1472	0
1472	0
1472	0
1472	0
1472	0
1472	0
1472	0
1472	0
1472	0
1472	0
1472	0
1472	0
1472	0
1472	0
1472	0
1472	0
1472	0
1472	0
1472	0
1472	0
730	0.017
1472	0
1472	0
1472	0
1472	0
1472	0
1472	0
1472	0
1472	0
1472	0
1472	0
1472	0
1472	0
1472	0
1472	0
1472	0
1472	0
1472	0
1472	0
1472	0
1472	0
1472	0
1472	0
1472	0
1472	0
1472	0
1472	0
1472	0
1472	0
1472	0
1472	0
1472	0
1472	0
1472	0
1472	0
1472	0
1472	0
1472	0
1472	0
1472	0
1472	0
1472	0
1472	0
1472	0
1472	0
1472	0
1472	0
1472	0
1472	0
1472	0
1472	0
1472	0
1472	0
1472	0
1472	0
1472	0
1472	0
1472	0
1472	0
1472	0
1472	0
1472	0
1472	0
1472	0
1472	0
1472	0
1472	0
1472	0
1472	0
1472	0
1472	0
497	0.016
1472	0
1472	0
1472	0
1472	0
1472	0
1472	0
1472	0
1472	0
1472	0
1472	0
1472	0
1472	0
1472	0
1472	0
1472	0
1472	0
1472	0
1472	0
1472	0
1472	0
1472	0
1472	0
1472	0
1472	0
1472	0
1472	0
1472	0
1472	0
1472	0
1472	0
1472	0
1472	0
1472	0
1472	0
1472	0
1472	0
1472	0
1472	0
1472	0
1472	0
1472	0
1472	0
1472	0
1261	0.017
1472	0
1472	0
1472	0
1472	0
1472	0
1472	0
1472	0
1472	0
1472	0
1472	0
1472	0
1472	0
1472	0
773	0.017
1472	0
1472	0
1472	0
1472	0
1472	0
1472	0
1472	0
1472	0
1472	0
652	0.016
1472	0
1472	0
1472	0
1472	0
1472	0
1472	0
188	0.017
1472	0
1472	0
1472	0
1226	0.016
1472	0
1472	0
1472	0
507	0.018
1472	0
1472	0
871	0.016
1472	0
1472	0
162	0.017
1472	0
1472	0
153	0.017
1472	0
1472	0
1472	0
1472	0
1472	0
1472	0
1472	0
1472	0
1472	0
1472	0
1472	0
1472	0
1472	0
1472	0
1472	0
1472	0
1472	0
1472	0
1472	0
1472	0
876	0.017
1472	0
1472	0
144	0.016
1472	0
1025	0.017
1472	0
982	0.017
1472	0
1052	0.017
1472	0
1235	0.017
1472	0
1428	0.016
1472	0
1404	0.017
1472	0
1472	0
93	0.017
1472	0
1472	0
630	0.017
1472	0
1472	0
284	0.016
1472	0
1472	0
680	0.018
1472	0
1472	0
1472	0
1472	0
1472	0
1472	0
1472	0
1472	0
1472	0
1472	0
1472	0
1472	0
1472	0
1472	0
1472	0
1472	0
1472	0
1472	0
1472	0
1401	0.016
1472	0
1472	0
276	0.017
1472	0
1053	0.017
1472	0
1121	0.016
1472	0
1254	0.018
1472	0
1472	0
521	0.016
1472	0
1472	0
76	0.017
1472	0
1412	0.016
1472	0
1472	0
284	0.017
1472	0
1472	0
79	0.017
1472	0
1440	0.017
1472	0
1472	0
479	0.016
1472	0
1472	0
1472	0
1472	0
1472	0
1472	0
1472	0
1472	0
1472	0
1472	0
1472	0
1472	0
1472	0
1472	0
1472	0
1472	0
1472	0
1472	0
1472	0
71	0.018
1472	0
1472	0
211	0.016
1472	0
512	0.017
1472	0
696	0.016
1472	0
928	0.018
1472	0
1073	0.016
1472	0
797	0.017
1472	0
763	0.017
1472	0
1271	0.016
1472	0
1300	0.018
1472	0
736	0.016
1472	0
1179	0.017
1472	0
1472	0
1472	0
1472	0
1472	0
1472	0
1472	0
1472	0
1472	0
1472	0
1472	0
1472	0
1472	0
1472	0
1472	0
1472	0
1472	0
1472	0
1472	0
18	0.025
1472	0
1343	0.008
1472	0
365	0.017
1472	0
242	0.017
1472	0
196	0.017
1472	0
253	0.017
1472	0
146	0.016
1472	0
168	0.017
1472	0
291	0.017
1472	0
254	0.017
1472	0
322	0.017
1472	0
860	0.016
1472	0
1472	0
1472	0
1472	0
1472	0
1472	0
1472	0
1472	0
1472	0
1472	0
1472	0
1472	0
1472	0
1472	0
1472	0
1472	0
1472	0
1472	0
1472	0
130	0.018
1472	0
1320	0.016
1472	0
413	0.017
1472	0
713	0.016
1472	0
512	0.017
1472	0
688	0.017
1472	0
548	0.017
1472	0
429	0.017
1472	0
689	0.028
1472	0
699	0.005
1472	0
818	0.017
1472	0
935	0.017
1472	0
1472	0
1472	0
1472	0
1472	0
1472	0
1472	0
1472	0
1472	0
1472	0
1472	0
1472	0
1472	0
1472	0
1472	0
1472	0
1472	0
1472	0
1472	0
34	0.017
1472	0
1472	0
53	0.016
1472	0
478	0.017
1472	0
489	0.017
1472	0
631	0.016
1472	0
983	0.017
1472	0
987	0.017
1472	0
858	0.017
1472	0
1039	0.017
1472	0
1067	0.017
1472	0
1023	0.016
1472	0
1264	0.031
1472	0
1472	0
1472	0
1472	0
1472	0
1472	0
1472	0
1472	0
1472	0
1472	0
1472	0
1472	0
1472	0
1472	0
1472	0
1472	0
1472	0
1472	0
1472	0
86	0.003
1472	0
1441	0.016
1472	0
596	0.017
1472	0
675	0.017
1472	0
817	0.017
1472	0
1366	0.016
1472	0
1218	0.017
1472	0
1056	0.017
1472	0
1379	0.017
1472	0
1190	0.016
1472	0
1337	0.018
1472	0
1472	0
178	0.017
1472	0
1472	0
1472	0
1472	0
1472	0
1472	0
1472	0
1472	0
1472	0
1472	0
1472	0
1472	0
1472	0
1472	0
1472	0
1472	0
1472	0
1472	0
1472	0
1336	0.016
1472	0
1472	0
317	0.017
1472	0
1166	0.017
1472	0
1441	0.017
1472	0
1472	0
50	0.016
1472	0
1472	0
463	0.017
1472	0
1472	0
362	0.017
1472	0
1472	0
360	0.017
1472	0
1472	0
782	0.017
1472	0
1472	0
710	0.017
1472	0
1472	0
219	0.017
1472	0
1472	0
794	0.017
1472	0
1472	0
1472	0
1472	0
1472	0
1472	0
1472	0
1472	0
1472	0
1472	0
1472	0
1472	0
1472	0
1472	0
1472	0
1472	0
1472	0
1472	0
1472	0
52	0.017
1472	0
1472	0
609	0.016
1472	0
1028	0.017
1472	0
1354	0.017
1472	0
1472	0
195	0.017
1472	0
1472	0
953	0.017
1472	0
1472	0
659	0.017
1472	0
1472	0
421	0.017
1472	0
1472	0
818	0.017
1472	0
1472	0
958	0.017
1472	0
1472	0
772	0.017
1472	0
1472	0
1472	0
104	0.017
1472	0
1472	0
1472	0
1472	0
1472	0
1472	0
1472	0
1472	0
1472	0
1472	0
1472	0
1472	0
1472	0
1472	0
1472	0
1472	0
1472	0
1472	0
1472	0
117	0.017
1472	0
1472	0
401	0.017
1472	0
1415	0.017
1472	0
1472	0
141	0.017
1472	0
1472	0
169	0.017
1472	0
1472	0
646	0.017
1472	0
1472	0
720	0.017
1472	0
1472	0
583	0.017
1472	0
1472	0
778	0.017
1472	0
1472	0
699	0.017
1472	0
1472	0
555	0.016
1472	0
1472	0
912	0.018
1472	0
1472	0
1472	0
1472	0
1472	0
1472	0
1472	0
1472	0
1472	0
1472	0
1472	0
1472	0
1472	0
1472	0
1472	0
1472	0
1472	0
1472	0
1472	0
14	0.016
1472	0
1472	0
440	0.017
1472	0
1440	0.017
1472	0
1472	0
185	0.017
1472	0
1472	0
464	0.017
1472	0
1472	0
900	0.017
1472	0
1472	0
1080	0.017
1472	0
1472	0
1044	0.017
1472	0
1472	0
1472	0
150	0.017
1472	0
1472	0
1240	0.017
1472	0
1472	0
914	0.017
1472	0
1472	0
1370	0.017
1472	0
1472	0
1472	0
1472	0
1472	0
1472	0
1472	0
1472	0
1472	0
1472	0
1472	0
1472	0
1472	0
1472	0
1472	0
1472	0
1472	0
1472	0
1472	0
1466	0.017
1472	0
1472	0
401	0.017
1472	0
1251	0.017
1472	0
1472	0
353	0.017
1472	0
13	0.017
1472	0
1472	0
704	0.017
1472	0
1472	0
269	0.016
1472	0
1472	0
150	0.017
1472	0
1472	0
521	0.017
1472	0
1472	0
445	0.017
1472	0
1472	0
312	0.017
1472	0
1472	0
565	0.017
1472	0
1472	0
1472	0
1472	0
1472	0
1472	0
1472	0
1472	0
1472	0
1472	0
1472	0
1472	0
1472	0
1472	0
1472	0
1472	0
1472	0
1472	0
1472	0
1470	0.017
1472	0
1472	0
433	0.017
1472	0
957	0.017
1472	0
1247	0.017
1472	0
1181	0.017
1472	0
1472	0
210	0.017
1472	0
1472	0
410	0.017
1472	0
1472	0
195	0.017
1472	0
1472	0
492	0.017
1472	0
1472	0
796	0.017
1472	0
1472	0
519	0.017
1472	0
1472	0
1066	0.017
1472	0
1472	0
1472	0
1472	0
1472	0
1472	0
1472	0
1472	0
1472	0
1472	0
1472	0
1472	0
1472	0
1472	0
1472	0
1472	0
1472	0
1472	0
1472	0
68	0.017
1472	0
1472	0
505	0.016
1472	0
1146	0.017
1472	0
1353	0.017
1472	0
1351	0.017
1472	0
1472	0
329	0.017
1472	0
1472	0
465	0.017
1472	0
1472	0
434	0.017
1472	0
1472	0
659	0.017
1472	0
1472	0
893	0.017
1472	0
1472	0
377	0.017
1472	0
1472	0
1439	0.017
1472	0
1472	0
1472	0
1472	0
1472	0
1472	0
1472	0
1472	0
1472	0
1472	0
1472	0
1472	0
1472	0
1472	0
1472	0
1472	0
1472	0
1472	0
1472	0
118	0.017
1472	0
1472	0
462	0.017
1472	0
1415	0.017
1472	0
1472	0
428	0.017
1472	0
1472	0
402	0.017
1472	0
1472	0
1092	0.017
1472	0
1472	0
1082	0.017
1472	0
1472	0
1260	0.017
1472	0
1472	0
1391	0.017
1472	0
1472	0
1472	0
131	0.016
1472	0
1472	0
1223	0.017
1472	0
1472	0
1472	0
306	0.018
1472	0
1472	0
1472	0
1472	0
1472	0
1472	0
1472	0
1472	0
1472	0
1472	0
1472	0
1472	0
1472	0
1472	0
1472	0
1472	0
1472	0
1472	0
1472	0
89	0.016
1472	0
1472	0
917	0.017
1472	0
1472	0
347	0.017
1472	0
1472	0
884	0.017
1472	0
1472	0
970	0.017
1472	0
1472	0
1472	0
255	0.017
1472	0
1472	0
1472	0
85	0.017
1472	0
1472	0
42	0
1472	0
1472	0
1472	0
306	0.034
1472	0
1472	0
1472	0
209	0
1472	0
1472	0
1381	0.034
1472	0
1472	0
1472	0
574	0
1472	0
1472	0
1472	0
1472	0
1472	0
1472	0
1472	0
1472	0
1472	0
1472	0
1472	0
1472	0
1472	0
1472	0
1472	0
1472	0
1472	0
1472	0
1472	0
31	0.034
1472	0
1472	0
808	0
1472	0
1472	0
215	0.034
1472	0
1472	0
520	0
1472	0
1472	0
684	0.033
1472	0
1472	0
1472	0
131	0.001
1472	0
1472	0
971	0.033
1472	0
1472	0
880	0.001
1472	0
1472	0
1325	0.033
1472	0
1472	0
1250	0
1472	0
1472	0
1128	0.034
1472	0
1472	0
1472	0
266	0.001
1472	0
1472	0
1472	0
1472	0
1472	0
1472	0
1472	0
1472	0
1472	0
1472	0
1472	0
1472	0
1472	0
1472	0
1472	0
1472	0
1472	0
1472	0
1472	0
1451	0.033
1472	0
1472	0
791	0
1472	0
1472	0
99	0.034
1472	0
1472	0
422	0
1472	0
1472	0
604	0.034
1472	0
1472	0
1183	0
1472	0
1472	0
1121	0.034
1472	0
1472	0
975	0
1472	0
1472	0
15	0.034
1472	0
1472	0
1118	0
1472	0
1472	0
929	0.034
1472	0
1472	0
1310	0
1472	0
1472	0
1472	0
1472	0
1472	0
1472	0
1472	0
1472	0
1472	0
1472	0
1472	0
1472	0
1472	0
1472	0
1472	0
1472	0
1472	0
1472	0
1472	0
72	0.034
1472	0
1472	0
555	0
1472	0
1242	0.033
1472	0
1458	0
1472	0
1472	0
256	0.034
1472	0
1472	0
921	0
1472	0
1472	0
823	0.034
1472	0
1472	0
1056	0
1472	0
1472	0
1180	0.034
1472	0
1472	0
1057	0
1472	0
1472	0
762	0.034
1472	0
1472	0
1472	0
415	0
1472	0
1472	0
1472	0
1472	0
1472	0
1472	0
1472	0
1472	0
1472	0
1472	0
1472	0
1472	0
1472	0
1472	0
1472	0
1472	0
1472	0
1472	0
1472	0
71	0.034
1472	0
1472	0
420	0
1472	0
936	0.034
1472	0
1346	0
1472	0
1247	0.034
1472	0
1324	0
1472	0
22	0.034
1472	0
1411	0
1472	0
1465	0.033
1472	0
1472	0
292	0.001
1472	0
1472	0
308	0.033
1472	0
1472	0
858	0.001
1472	0
1472	0
1472	0
1472	0
1472	0
1472	0
1472	0
1472	0
1472	0
1472	0
1472	0
1472	0
1472	0
1472	0
1472	0
1472	0
1472	0
1472	0
1472	0
121	0.033
1472	0
1472	0
821	0
1472	0
1472	0
435	0.034
1472	0
1472	0
523	0
1472	0
1472	0
635	0.034
1472	0
1472	0
1303	0
1472	0
1472	0
1472	0
118	0.034
1472	0
1472	0
1289	0
1472	0
1472	0
1472	0
347	0.034
1472	0
1472	0
1472	0
614	0
1472	0
1472	0
1472	0
250	0.034
1472	0
1472	0
1472	0
811	0
1472	0
1472	0
1472	0
1472	0
1472	0
1472	0
1472	0
1472	0
1472	0
1472	0
1472	0
1472	0
1472	0
1472	0
1472	0
1472	0
1472	0
1472	0
1472	0
1375	0.034
1472	0
1472	0
1359	0
1472	0
1472	0
1292	0.034
1472	0
1472	0
1472	0
169	0
1472	0
1472	0
1472	0
576	0.034
1472	0
1472	0
1472	0
1381	0
1472	0
1472	0
1472	0
1352	0.033
1472	0
1472	0
1472	0
1072	0
1472	0
1472	0
1472	0
1472	0
180	0.034
1472	0
1472	0
1472	0
1472	0
511	0
1472	0
1472	0
1472	0
1071	0.034
1472	0
1472	0
1472	0
1472	0
446	0
1472	0
1472	0
1472	0
1472	0
1472	0
1472	0
1472	0
1472	0
1472	0
1472	0
1472	0
1472	0
1472	0
1472	0
1472	0
1472	0
1472	0
1472	0
1472	0
911	0.034
1472	0
1472	0
1472	0
396	0
1472	0
1472	0
1472	0
265	0.034
1472	0
1472	0
1472	0
904	0
1472	0
1472	0
1472	0
649	0.034
1472	0
1472	0
1472	0
1081	0
1472	0
1472	0
1472	0
25	0.034
1472	0
1472	0
1472	0
39	0
1472	0
1472	0
1472	0
1472	0
402	0.034
1472	0
1472	0
1472	0
1472	0
511	0
1472	0
1472	0
1472	0
1472	0
95	0.034
1472	0
1472	0
1472	0
1472	0
630	0
1472	0
1472	0
1472	0
1472	0
1472	0
1472	0
1472	0
1472	0
1472	0
1472	0
1472	0
1472	0
1472	0
1472	0
1472	0
1472	0
1472	0
1472	0
1472	0
1201	0.033
1472	0
1472	0
1472	0
673	0.001
1472	0
1472	0
1472	0
300	0.033
1472	0
1472	0
1472	0
1070	0
1472	0
1472	0
1472	0
842	0.034
1472	0
1472	0
1472	0
1313	0
1472	0
1472	0
1472	0
1023	0.034
1472	0
1472	0
1472	0
767	0
1472	0
1472	0
1472	0
1303	0.034
1472	0
1472	0
1472	0
1239	0
1472	0
1472	0
1472	0
495	0
1472	0
1472	0
1472	0
1472	0
205	0.051
1472	0
1472	0
1472	0
1472	0
1472	0
1472	0
1472	0
1472	0
1472	0
1472	0
1472	0
1472	0
1472	0
1472	0
1472	0
1472	0
1472	0
1472	0
1472	0
1361	0
1472	0
1472	0
1160	0
1472	0
1472	0
1068	0.051
1472	0
1472	0
1472	0
125	0
1472	0
1472	0
1472	0
218	0
1472	0
1472	0
1472	0
381	0.051
1472	0
1472	0
1472	0
574	0
1472	0
1472	0
1472	0
452	0
1472	0
1472	0
1472	0
731	0.05
1472	0
1472	0
1472	0
480	0
1472	0
1472	0
1342	0.001
1472	0
1472	0
1472	0
1139	0.05
1472	0
1472	0
1472	0
1472	0
1472	0
1472	0
1472	0
1472	0
1472	0
1472	0
1472	0
1472	0
1472	0
1472	0
1472	0
1472	0
1472	0
1472	0
1472	0
1304	0.001
1472	0
1472	0
1033	0
1472	0
1472	0
690	0.05
1472	0
1472	0
1274	0
1472	0
1472	0
1166	0
1472	0
1472	0
1472	0
392	0.051
1472	0
1472	0
1472	0
787	0
1472	0
1472	0
36	0
1472	0
1472	0
1472	0
902	0.051
1472	0
1472	0
1472	0
812	0
1472	0
1472	0
1381	0
1472	0
1472	0
1472	0
1007	0.051
1472	0
1472	0
1472	0
1472	0
1472	0
1472	0
1472	0
1472	0
1472	0
1472	0
1472	0
1472	0
1472	0
1472	0
1472	0
1472	0
1472	0
1472	0
1472	0
1229	0
1472	0
1472	0
1176	0
1472	0
1472	0
668	0.051
1472	0
1472	0
1472	0
172	0
1472	0
1472	0
1229	0
1472	0
1472	0
1472	0
1327	0.05
1472	0
1472	0
1472	0
885	0.001
1472	0
1472	0
1472	0
536	0
1472	0
1472	0
1472	0
829	0.05
1472	0
1472	0
1472	0
1062	0
1472	0
1472	0
1472	0
612	0
1472	0
1472	0
1472	0
1392	0.051
1472	0
1472	0
1472	0
1472	0
1472	0
1472	0
1472	0
1472	0
1472	0
1472	0
1472	0
1472	0
1472	0
1472	0
1472	0
1472	0
1472	0
1472	0
1472	0
1136	0
1472	0
1472	0
1254	0
1472	0
1472	0
1089	0.051
1472	0
1472	0
1472	0
471	0
1472	0
1472	0
1472	0
544	0
1472	0
1472	0
1472	0
1249	0.051
1472	0
1472	0
1472	0
981	0
1472	0
1472	0
1472	0
494	0
1472	0
1472	0
1472	0
1277	0.051
1472	0
1472	0
1472	0
1092	0
1472	0
1472	0
1472	0
777	0
1472	0
1472	0
1472	0
1018	0.051
1472	0
1472	0
1472	0
1472	0
1472	0
1472	0
1472	0
1472	0
1472	0
1472	0
1472	0
1472	0
1472	0
1472	0
1472	0
1472	0
1472	0
1472	0
1472	0
1146	0
1472	0
1472	0
968	0
1472	0
1472	0
661	0.05
1472	0
1472	0
1459	0
1472	0
1472	0
1383	0
1472	0
1472	0
1472	0
784	0.051
1472	0
1472	0
1472	0
654	0
1472	0
1472	0
1472	0
295	0
1472	0
1472	0
1472	0
963	0.051
1472	0
1472	0
1472	0
877	0
1472	0
1472	0
1472	0
474	0
1472	0
1472	0
1472	0
1431	0.051
1472	0
1472	0
1472	0
1472	0
1472	0
1472	0
1472	0
1472	0
1472	0
1472	0
1472	0
1472	0
1472	0
1472	0
1472	0
1472	0
1472	0
1472	0
1472	0
1194	0
1472	0
1472	0
1029	0
1472	0
1472	0
780	0.051
1472	0
1472	0
1294	0
1472	0
1472	0
1472	0
200	0
1472	0
1472	0
1472	0
499	0.051
1472	0
1472	0
1472	0
547	0
1472	0
1472	0
1472	0
250	0
1472	0
1472	0
1472	0
975	0.05
1472	0
1472	0
1472	0
714	0.001
1472	0
1472	0
1472	0
524	0
1472	0
1472	0
1472	0
986	0.05
1472	0
1472	0
1472	0
1472	0
1472	0
1472	0
1472	0
1472	0
1472	0
1472	0
1472	0
1472	0
1472	0
1472	0
1472	0
1472	0
1472	0
1472	0
1472	0
1118	0
1472	0
1472	0
1255	0
1472	0
1472	0
683	0.051
1472	0
1472	0
1472	0
140	0
1472	0
1472	0
1472	0
163	0
1472	0
1472	0
1472	0
738	0.051
1472	0
1472	0
1472	0
531	0
1472	0
1472	0
1472	0
293	0
1472	0
1472	0
1472	0
825	0.051
1472	0
1472	0
1472	0
798	0
1472	0
1472	0
1472	0
434	0
1472	0
1472	0
1472	0
984	0.051
1472	0
1472	0
1472	0
1472	0
1472	0
1472	0
1472	0
1472	0
1472	0
1472	0
1472	0
1472	0
1472	0
1472	0
1472	0
1472	0
1472	0
1472	0
1472	0
1064	0
1472	0
1472	0
1207	0
1472	0
1472	0
976	0.05
1472	0
1472	0
1472	0
255	0.001
1472	0
1472	0
1472	0
199	0
1472	0
1472	0
1472	0
1119	0.05
1472	0
1472	0
1472	0
873	0
1472	0
1472	0
1472	0
406	0
1472	0
1472	0
1472	0
1197	0.051
1472	0
1472	0
1472	0
1062	0
1472	0
1472	0
1472	0
981	0
1472	0
1472	0
1472	0
1366	0.051
1472	0
1472	0
1472	0
1472	0
1472	0
1472	0
1472	0
1472	0
1472	0
1472	0
1472	0
1472	0
1472	0
1472	0
1472	0
1472	0
1472	0
1472	0
1472	0
1074	0
1472	0
1472	0
1247	0
1472	0
1472	0
1025	0
1472	0
1472	0
1472	0
303	0.068
1472	0
1472	0
1472	0
586	0
1472	0
1472	0
1472	0
698	0
1472	0
1472	0
1472	0
971	0
1472	0
1472	0
1472	0
598	0.068
1472	0
1472	0
1472	0
987	0
1472	0
1472	0
1472	0
1296	0
1472	0
1472	0
1472	0
670	0
1472	0
1472	0
1472	0
1408	0.068
1472	0
1472	0
1472	0
1472	0
1472	0
1472	0
1472	0
1472	0
1472	0
1472	0
1472	0
1472	0
1472	0
1472	0
1472	0
1472	0
1472	0
1472	0
1472	0
1199	0
1472	0
1472	0
1472	0
62	0
1472	0
1472	0
1472	0
260	0
1472	0
1472	0
1472	0
849	0.067
1472	0
1472	0
1472	0
926	0
1472	0
1472	0
1472	0
1472	0
170	0
1472	0
1472	0
1472	0
1472	0
220	0
1472	0
1472	0
1472	0
1375	0.068
1472	0
1472	0
1472	0
1472	0
548	0
1472	0
1472	0
1472	0
1472	0
567	0
1472	0
1472	0
1472	0
31	0
1472	0
1472	0
1472	0
1472	0
1066	0.068
1472	0
1472	0
1472	0
1472	0
1472	0
1472	0
1472	0
1472	0
1472	0
1472	0
1472	0
1472	0
1472	0
1472	0
1472	0
1472	0
1472	0
1472	0
1472	0
1146	0
1472	0
1472	0
1472	0
252	0
1472	0
1472	0
1472	0
547	0
1472	0
1472	0
1472	0
1316	0.068
1472	0
1472	0
1472	0
1378	0
1472	0
1472	0
1472	0
1472	0
332	0
1472	0
1472	0
1472	0
1472	0
531	0
1472	0
1472	0
1472	0
1395	0.067
1472	0
1472	0
1472	0
1472	0
521	0.001
1472	0
1472	0
1472	0
1472	0
622	0
1472	0
1472	0
1472	0
1472	0
188	0
1472	0
1472	0
1472	0
1472	0
943	0.067
1472	0
1472	0
1472	0
1472	0
1472	0
1472	0
1472	0
1472	0
1472	0
1472	0
1472	0
1472	0
1472	0
1472	0
1472	0
1472	0
1472	0
1472	0
1472	0
846	0
1472	0
1472	0
1472	0
676	0
1472	0
1472	0
1472	0
709	0
1472	0
1472	0
1472	0
1285	0.068
1472	0
1472	0
1472	0
1130	0
1472	0
1472	0
1472	0
1472	0
181	0
1472	0
1472	0
1472	0
1444	0
1472	0
1472	0
1472	0
1379	0.068
1472	0
1472	0
1472	0
1472	0
963	0
1472	0
1472	0
1472	0
1472	0
719	0
1472	0
1472	0
1472	0
1472	0
539	0
1472	0
1472	0
1472	0
1472	0
23	0.068
1472	0
1472	0
1472	0
1472	0
1472	0
1472	0
1472	0
1472	0
1472	0
1472	0
1472	0
1472	0
1472	0
1472	0
1472	0
1472	0
1472	0
1472	0
1472	0
555	0
1472	0
1472	0
1472	0
1389	0
1472	0
1472	0
1472	0
1472	0
515	0
1472	0
1472	0
1472	0
1472	0
987	0.067
1472	0
1472	0
1472	0
1472	0
857	0.001
1472	0
1472	0
1472	0
1472	0
1472	0
632	0
1472	0
1472	0
1472	0
1472	0
1472	0
257	0
1472	0
1472	0
1472	0
1472	0
1192	0.067
1472	0
1472	0
1472	0
1472	0
1472	0
930	0
1472	0
1472	0
1472	0
1472	0
1472	0
530	0
1472	0
1472	0
1472	0
1472	0
1248	0
1472	0
1472	0
1472	0
1472	0
1472	0
841	0.068
1472	0
1472	0
1472	0
1472	0
1472	0
1472	0
1472	0
1472	0
1472	0
1472	0
1472	0
1472	0
1472	0
1472	0
1472	0
1472	0
1472	0
1472	0
1472	0
364	0
1472	0
1472	0
1472	0
1472	0
269	0
1472	0
1472	0
1472	0
1472	0
619	0
1472	0
1472	0
1472	0
1472	0
1309	0.068
1472	0
1472	0
1472	0
1472	0
822	0
1472	0
1472	0
1472	0
1472	0
1472	0
335	0
1472	0
1472	0
1472	0
1472	0
1472	0
110	0
1472	0
1472	0
1472	0
1472	0
1259	0.068
1472	0
1472	0
1472	0
1472	0
1472	0
519	0
1472	0
1472	0
1472	0
1472	0
1472	0
368	0
1472	0
1472	0
1472	0
1472	0
800	0
1472	0
1472	0
1472	0
1472	0
1472	0
403	0.068
1472	0
1472	0
1472	0
1472	0
1472	0
1472	0
1472	0
1472	0
1472	0
1472	0
1472	0
1472	0
1472	0
1472	0
1472	0
1472	0
1472	0
1472	0
1403	0
1472	0
1472	0
1472	0
1109	0
1472	0
1472	0
1472	0
15	0
1472	0
1472	0
1472	0
1472	0
632	0.067
1472	0
1472	0
1472	0
1472	0
687	0
1472	0
1472	0
1472	0
1472	0
893	0
1472	0
1472	0
1472	0
1472	0
1403	0
1472	0
1472	0
1472	0
1472	0
964	0.068
1472	0
1472	0
1472	0
1472	0
1190	0
1472	0
1472	0
1472	0
1472	0
1114	0
1472	0
1472	0
1472	0
1472	0
525	0
1472	0
1472	0
1472	0
1472	0
1472	0
798	0.068
1472	0
1472	0
1472	0
1472	0
1472	0
1472	0
1472	0
1472	0
1472	0
1472	0
1472	0
1472	0
1472	0
1472	0
1472	0
1472	0
1472	0
1472	0
18	0
1472	0
1472	0
1472	0
828	0
1472	0
1472	0
1472	0
1099	0
1472	0
1472	0
1472	0
1472	0
419	0.068
1472	0
1472	0
1472	0
13	0
1472	0
1472	0
1472	0
1472	0
390	0
1472	0
1472	0
1472	0
1472	0
862	0
1472	0
1472	0
1472	0
1398	0.067
1472	0
1472	0
1472	0
1472	0
854	0
1472	0
1472	0
1472	0
1472	0
897	0
1472	0
1472	0
1472	0
1472	0
239	0.001
1472	0
1472	0
1472	0
1472	0
901	0.067
1472	0
1472	0
1472	0
1472	0
1472	0
1472	0
1472	0
1472	0
1472	0
1472	0
1472	0
1472	0
1472	0
1472	0
1472	0
1472	0
1472	0
1472	0
1355	0
1472	0
1472	0
1472	0
421	0
1472	0
1472	0
1472	0
362	0
1472	0
1472	0
1472	0
1354	0.068
1472	0
1472	0
1472	0
1183	0
1472	0
1472	0
1472	0
1472	0
370	0
1472	0
1472	0
1472	0
1472	0
288	0
1472	0
1472	0
1472	0
1149	0
1472	0
1472	0
1472	0
1472	0
129	0.085
1472	0
1472	0
1472	0
1472	0
285	0
1472	0
1472	0
1472	0
1327	0
1472	0
1472	0
1472	0
1472	0
164	0
1472	0
1472	0
1472	0
1472	0
1472	0
1472	0
1472	0
1472	0
1472	0
1472	0
1472	0
1472	0
1472	0
1472	0
1472	0
1472	0
1472	0
1472	0
1453	0
1472	0
1472	0
1353	0.084
1472	0
1472	0
1472	0
336	0
1472	0
1472	0
1472	0
969	0.001
1472	0
1472	0
1472	0
414	0
1472	0
1472	0
1472	0
1472	0
95	0
1472	0
1472	0
1472	0
1376	0.084
1472	0
1472	0
1472	0
789	0
1472	0
1472	0
1472	0
1114	0
1472	0
1472	0
1472	0
43	0
1472	0
1472	0
1472	0
1087	0
1472	0
1472	0
1472	0
1440	0.085
1472	0
1472	0
1472	0
1472	0
1472	0
1472	0
1472	0
1472	0
1472	0
1472	0
1472	0
1472	0
1472	0
1472	0
1472	0
1472	0
1472	0
1472	0
1225	0
1472	0
1472	0
1133	0
1472	0
1472	0
1399	0
1472	0
1472	0
1472	0
776	0
1472	0
1472	0
1472	0
504	0.085
1472	0
1472	0
1472	0
1114	0
1472	0
1472	0
1472	0
1472	0
198	0
1472	0
1472	0
1472	0
1454	0
1472	0
1472	0
1472	0
1461	0
1472	0
1472	0
1472	0
1472	0
430	0.084
1472	0
1472	0
1472	0
1191	0
1472	0
1472	0
1472	0
1368	0.001
1472	0
1472	0
1472	0
1472	0
1472	0
1472	0
1472	0
1472	0
1472	0
1472	0
1472	0
1472	0
1472	0
1472	0
1472	0
1472	0
1472	0
1472	0
1139	0
1472	0
1472	0
1220	0
1472	0
1472	0
32	0.084
1472	0
1472	0
1472	0
1014	0
1472	0
1472	0
1472	0
491	0
1472	0
1472	0
1472	0
1293	0
1472	0
1472	0
1472	0
1472	0
488	0
1472	0
1472	0
1472	0
1340	0.085
1472	0
1472	0
1472	0
1472	0
406	0
1472	0
1472	0
1472	0
1472	0
918	0
1472	0
1472	0
1472	0
1472	0
136	0
1472	0
1472	0
1472	0
1472	0
1159	0
1472	0
1472	0
1472	0
1472	0
1472	0
1472	0
1472	0
1472	0
1472	0
1472	0
1472	0
1472	0
1472	0
1472	0
1472	0
1472	0
1472	0
1472	0
721	0.085
1472	0
1472	0
1472	0
263	0
1472	0
1472	0
1472	0
991	0
1472	0
1472	0
1472	0
1472	0
441	0
1472	0
1472	0
1472	0
1472	0
352	0
1472	0
1472	0
1472	0
1472	0
735	0.084
1472	0
1472	0
1472	0
1472	0
1190	0.001
1472	0
1472	0
1472	0
1472	0
1002	0
1472	0
1472	0
1472	0
1472	0
1408	0
1472	0
1472	0
1472	0
1472	0
1472	0
495	0
1472	0
1472	0
1472	0
1472	0
1472	0
311	0.084
1472	0
1472	0
1472	0
1472	0
1472	0
642	0
1472	0
1472	0
1472	0
1472	0
1472	0
1472	0
1472	0
1472	0
1472	0
1472	0
1472	0
1472	0
1472	0
1472	0
1472	0
1472	0
1472	0
1323	0
1472	0
1472	0
1472	0
1472	0
740	0
1472	0
1472	0
1472	0
1472	0
30	0.001
1472	0
1472	0
1472	0
1472	0
1472	0
1404	0.084
1472	0
1472	0
1472	0
1472	0
1472	0
1448	0
1472	0
1472	0
1472	0
1472	0
1472	0
1472	0
1340	0
1472	0
1472	0
1472	0
1472	0
1472	0
1472	0
1472	0
439	0
1472	0
1472	0
1472	0
1472	0
1472	0
1472	0
1384	0
1472	0
1472	0
1472	0
1472	0
1472	0
1472	0
1472	0
633	0.085
1472	0
1472	0
1472	0
1472	0
1472	0
1472	0
1472	0
679	0
1472	0
1472	0
1472	0
1472	0
1472	0
1472	0
1194	0
1472	0
1472	0
1472	0
1472	0
1472	0
1472	0
1472	0
927	0
1472	0
1472	0
1472	0
1472	0
1472	0
1472	0
1472	0
1472	0
1472	0
1472	0
1472	0
1472	0
1472	0
1472	0
1472	0
1472	0
1472	0
366	0
1472	0
1472	0
1472	0
1472	0
1472	0
1472	0
450	0.084
1472	0
1472	0
1472	0
1472	0
1472	0
1472	0
160	0.001
1472	0
1472	0
1472	0
1472	0
1472	0
1472	0
881	0
1472	0
1472	0
1472	0
1472	0
1472	0
1472	0
565	0
1472	0
1472	0
1472	0
1472	0
1472	0
1472	0
1472	0
795	0
1472	0
1472	0
1472	0
1472	0
1472	0
1472	0
1472	0
260	0.084
1472	0
1472	0
1472	0
1472	0
1472	0
1472	0
724	0
1472	0
1472	0
1472	0
1472	0
1472	0
1472	0
1472	0
113	0
1472	0
1472	0
1472	0
1472	0
1472	0
1472	0
12	0.001
1472	0
1472	0
1472	0
1472	0
1472	0
1472	0
511	0
1472	0
1472	0
1472	0
1472	0
1472	0
1472	0
1472	0
234	0.084
1472	0
1472	0
1472	0
1472	0
1472	0
1472	0
1472	0
1472	0
1472	0
1472	0
1472	0
1472	0
1472	0
1472	0
1472	0
1472	0
1472	0
257	0
1472	0
1472	0
1472	0
1472	0
1472	0
1158	0
1472	0
1472	0
1472	0
1472	0
1472	0
1384	0
1472	0
1472	0
1472	0
1472	0
1472	0
1472	0
399	0
1472	0
1472	0
1472	0
1472	0
1472	0
1383	0.085
1472	0
1472	0
1472	0
1472	0
1472	0
1472	0
1027	0
1472	0
1472	0
1472	0
1472	0
1472	0
1472	0
1207	0
1472	0
1472	0
1472	0
1472	0
1472	0
1297	0
1472	0
1472	0
1472	0
1472	0
1472	0
1472	0
934	0
1472	0
1472	0
1472	0
1472	0
1472	0
1472	0
1089	0.084
1472	0
1472	0
1472	0
1472	0
1472	0
1472	0
239	0.001
1472	0
1472	0
1472	0
1472	0
1472	0
1472	0
1420	0
1472	0
1472	0
1472	0
1472	0
1472	0
1472	0
1472	0
1472	0
1472	0
1472	0
1472	0
1472	0
1472	0
1472	0
1472	0
1472	0
1459	0
1472	0
1472	0
1472	0
1472	0
1472	0
990	0
1472	0
1472	0
1472	0
1472	0
1472	0
1175	0.084
1472	0
1472	0
1472	0
1472	0
1472	0
1472	0
135	0
1472	0
1472	0
1472	0
1472	0
1472	0
863	0
1472	0
1472	0
1472	0
1472	0
1472	0
1472	0
803	0
1472	0
1472	0
1472	0
1472	0
1472	0
1472	0
824	0
1472	0
1472	0
1472	0
1472	0
1472	0
1128	0.085
1472	0
1472	0
1472	0
1472	0
1472	0
1472	0
913	0
1472	0
1472	0
1472	0
1472	0
1472	0
1472	0
730	0
1472	0
1472	0
1472	0
1472	0
1472	0
968	0
1472	0
1472	0
1472	0
1472	0
1472	0
1472	0
1372	0
1472	0
1472	0
1472	0
1472	0
1472	0
1472	0
1472	0
1472	0
1472	0
1472	0
1472	0
1472	0
1472	0
1472	0
1472	0
1472	0
1229	0
1472	0
1472	0
1472	0
1472	0
1472	0
130	0.102
1472	0
1472	0
1472	0
1472	0
1472	0
153	0
1472	0
1472	0
1472	0
1472	0
1472	0
585	0
1472	0
1472	0
1472	0
1472	0
1472	0
297	0
1472	0
1472	0
1472	0
1472	0
1472	0
1228	0
1472	0
1472	0
1472	0
1472	0
1472	0
47	0
1472	0
1472	0
1472	0
1472	0
1472	0
226	0.101
1472	0
1472	0
1472	0
1472	0
1472	0
1069	0
1472	0
1472	0
1472	0
1472	0
1472	0
1354	0
1472	0
1472	0
1472	0
1472	0
1472	0
584	0.001
1472	0
1472	0
1472	0
1472	0
1472	0
1472	0
200	0
1472	0
1472	0
1472	0
1472	0
1472	0
1472	0
1472	0
1472	0
1472	0
1472	0
1472	0
1472	0
1472	0
1472	0
1472	0
1472	0
759	0
1472	0
1472	0
1472	0
1472	0
1472	0
114	0.101
1472	0
1472	0
1472	0
1472	0
1387	0
1472	0
1472	0
1472	0
1472	0
1472	0
240	0
1472	0
1472	0
1472	0
1472	0
1084	0
1472	0
1472	0
1472	0
1472	0
1472	0
818	0
1472	0
1472	0
1472	0
1472	0
1472	0
762	0
1472	0
1472	0
1472	0
1472	0
1091	0.102
1472	0
1472	0
1472	0
1472	0
1472	0
578	0
1472	0
1472	0
1472	0
1472	0
1472	0
580	0
1472	0
1472	0
1472	0
1472	0
1040	0
1472	0
1472	0
1472	0
1472	0
1472	0
605	0
1472	0
1472	0
1472	0
1472	0
1472	0
1472	0
1472	0
1472	0
1472	0
1472	0
1472	0
1472	0
1472	0
1472	0
1472	0
1472	0
723	0
1472	0
1472	0
1472	0
1472	0
614	0.101
1472	0
1472	0
1472	0
1472	0
182	0
1472	0
1472	0
1472	0
1472	0
396	0
1472	0
1472	0
1472	0
1472	0
344	0.001
1472	0
1472	0
1472	0
1472	0
1472	0
491	0
1472	0
1472	0
1472	0
1472	0
64	0
1472	0
1472	0
1472	0
1472	0
409	0.101
1472	0
1472	0
1472	0
1472	0
1472	0
180	0
1472	0
1472	0
1472	0
1472	0
1472	0
162	0
1472	0
1472	0
1472	0
1472	0
883	0
1472	0
1472	0
1472	0
1472	0
1472	0
557	0.001
1472	0
1472	0
1472	0
1472	0
1472	0
1472	0
1472	0
1472	0
1472	0
1472	0
1472	0
1472	0
1472	0
1472	0
1472	0
1472	0
572	0
1472	0
1472	0
1472	0
1472	0
616	0.101
1472	0
1472	0
1472	0
1472	0
412	0
1472	0
1472	0
1472	0
1472	0
881	0
1472	0
1472	0
1472	0
1472	0
722	0
1472	0
1472	0
1472	0
1472	0
1472	0
427	0
1472	0
1472	0
1472	0
1472	0
31	0
1472	0
1472	0
1472	0
1472	0
712	0.101
1472	0
1472	0
1472	0
1472	0
1472	0
516	0.001
1472	0
1472	0
1472	0
1472	0
1472	0
136	0
1472	0
1472	0
1472	0
1472	0
749	0
1472	0
1472	0
1472	0
1472	0
1472	0
797	0
1472	0
1472	0
1472	0
1472	0
1472	0
1472	0
1472	0
1472	0
1472	0
1472	0
1472	0
1472	0
1472	0
1472	0
1472	0
1472	0
436	0
1472	0
1472	0
1472	0
1472	0
96	0.101
1472	0
1472	0
1472	0
1461	0
1472	0
1472	0
1472	0
1472	0
300	0
1472	0
1472	0
1472	0
1266	0
1472	0
1472	0
1472	0
1472	0
1075	0
1472	0
1472	0
1472	0
1472	0
627	0
1472	0
1472	0
1472	0
1226	0.102
1472	0
1472	0
1472	0
1472	0
785	0
1472	0
1472	0
1472	0
1472	0
755	0
1472	0
1472	0
1472	0
1098	0
1472	0
1472	0
1472	0
1472	0
1472	0
186	0
1472	0
1472	0
1472	0
1472	0
1472	0
1472	0
1472	0
1472	0
1472	0
1472	0
1472	0
1472	0
1472	0
1472	0
1472	0
1472	0
420	0
1472	0
1472	0
1472	0
1062	0.101
1472	0
1472	0
1472	0
663	0.001
1472	0
1472	0
1472	0
965	0
1472	0
1472	0
1472	0
270	0
1472	0
1472	0
1472	0
1449	0
1472	0
1472	0
1472	0
59	0
1472	0
1472	0
1472	0
260	0.101
1472	0
1472	0
1472	0
1472	0
314	0
1472	0
1472	0
1472	0
1472	0
275	0
1472	0
1472	0
1472	0
1455	0
1472	0
1472	0
1472	0
1472	0
612	0.001
1472	0
1472	0
1472	0
1472	0
1472	0
1472	0
1472	0
1472	0
1472	0
1472	0
1472	0
1472	0
1472	0
1472	0
1472	0
1472	0
633	0
1472	0
1472	0
1472	0
1296	0.101
1472	0
1472	0
1472	0
751	0
1472	0
1472	0
1472	0
1074	0
1472	0
1472	0
1472	0
859	0
1472	0
1472	0
1472	0
1472	0
410	0
1472	0
1472	0
1472	0
1472	0
367	0
1472	0
1472	0
1472	0
1217	0.102
1472	0
1472	0
1472	0
1472	0
272	0
1472	0
1472	0
1472	0
1472	0
563	0
1472	0
1472	0
1472	0
1472	0
102	0
1472	0
1472	0
1472	0
1472	0
917	0
1472	0
1472	0
1472	0
1472	0
1472	0
1472	0
1472	0
1472	0
1472	0
1472	0
1472	0
1472	0
1472	0
1472	0
1472	0
1472	0
784	0
1472	0
1472	0
1472	0
973	0.101
1472	0
1472	0
1472	0
1016	0
1472	0
1472	0
1472	0
1472	0
202	0
1472	0
1472	0
1472	0
1383	0
1472	0
1472	0
1472	0
1472	0
1472	0
236	0.001
1472	0
1472	0
1472	0
1472	0
1108	0
1472	0
1472	0
1472	0
1472	0
200	0.101
1472	0
1472	0
1472	0
1472	0
1165	0
1472	0
1472	0
1472	0
1472	0
1278	0
1472	0
1472	0
1472	0
1472	0
518	0
1472	0
1472	0
1472	0
1472	0
1472	0
397	0
1472	0
1472	0
1472	0
1472	0
1472	0
1472	0
1472	0
1472	0
1472	0
1472	0
1472	0
1472	0
1472	0
1472	0
1472	0
1472	0
1422	0
1472	0
1472	0
1472	0
1253	0.001
1472	0
1472	0
1472	0
1472	0
185	0.118
1472	0
1472	0
1472	0
1472	0
353	0
1472	0
1472	0
1472	0
1472	0
350	0
1472	0
1472	0
1472	0
1472	0
1472	0
304	0
1472	0
1472	0
1472	0
1472	0
1472	0
408	0
1472	0
1472	0
1472	0
1472	0
433	0
1472	0
1472	0
1472	0
1472	0
1472	0
348	0
1472	0
1472	0
1472	0
1472	0
1472	0
556	0.118
1472	0
1472	0
1472	0
1472	0
1031	0
1472	0
1472	0
1472	0
1472	0
1472	0
797	0.001
1472	0
1472	0
1472	0
1472	0
1472	0
1472	0
1472	0
1472	0
1472	0
1472	0
1472	0
1472	0
1472	0
1472	0
1472	0
1472	0
1472	0
484	0
1472	0
1472	0
1472	0
1472	0
125	0
1472	0
1472	0
1472	0
1472	0
335	0
1472	0
1472	0
1472	0
1472	0
752	0
1472	0
1472	0
1472	0
1472	0
1087	0.118
1472	0
1472	0
1472	0
1472	0
1472	0
1158	0
1472	0
1472	0
1472	0
1472	0
1472	0
913	0
1472	0
1472	0
1472	0
1472	0
1472	0
240	0
1472	0
1472	0
1472	0
1472	0
1472	0
1090	0
1472	0
1472	0
1472	0
1472	0
1472	0
1447	0
1472	0
1472	0
1472	0
1472	0
1472	0
602	0
1472	0
1472	0
1472	0
1472	0
1472	0
1472	0
873	0.119
1472	0
1472	0
1472	0
1472	0
1472	0
1472	0
1472	0
1472	0
1472	0
1472	0
1472	0
1472	0
1472	0
1472	0
1472	0
1472	0
1472	0
782	0
1472	0
1472	0
1472	0
1472	0
247	0
1472	0
1472	0
1472	0
1472	0
1077	0
1472	0
1472	0
1472	0
1472	0
1472	0
881	0
1472	0
1472	0
1472	0
1472	0
1472	0
345	0
1472	0
1472	0
1472	0
1472	0
1472	0
1339	0
1472	0
1472	0
1472	0
1472	0
1472	0
1472	0
162	0.118
1472	0
1472	0
1472	0
1472	0
1472	0
506	0
1472	0
1472	0
1472	0
1472	0
1472	0
1472	0
167	0
1472	0
1472	0
1472	0
1472	0
1472	0
1472	0
525	0.001
1472	0
1472	0
1472	0
1472	0
1472	0
987	0
1472	0
1472	0
1472	0
1472	0
1472	0
1472	0
786	0
1472	0
1472	0
1472	0
1472	0
1472	0
1472	0
1472	0
1472	0
1472	0
1472	0
1472	0
1472	0
1472	0
1472	0
1472	0
1472	0
1472	0
1335	0
1472	0
1472	0
1472	0
1472	0
620	0.118
1472	0
1472	0
1472	0
1472	0
1266	0
1472	0
1472	0
1472	0
1472	0
1472	0
1276	0
1472	0
1472	0
1472	0
1472	0
1472	0
307	0
1472	0
1472	0
1472	0
1472	0
1472	0
1472	0
163	0
1472	0
1472	0
1472	0
1472	0
1472	0
39	0
1472	0
1472	0
1472	0
1472	0
1472	0
300	0
1472	0
1472	0
1472	0
1472	0
1472	0
1308	0.119
1472	0
1472	0
1472	0
1472	0
1472	0
1193	0
1472	0
1472	0
1472	0
1472	0
1472	0
621	0
1472	0
1472	0
1472	0
1472	0
1472	0
1419	0
1472	0
1472	0
1472	0
1472	0
1472	0
1472	0
1472	0
1472	0
1472	0
1472	0
1472	0
1472	0
1472	0
1472	0
1472	0
1472	0
1472	0
16	0
1472	0
1472	0
1472	0
1163	0
1472	0
1472	0
1472	0
1472	0
363	0
1472	0
1472	0
1472	0
1472	0
1171	0.118
1472	0
1472	0
1472	0
1472	0
722	0
1472	0
1472	0
1472	0
1472	0
1472	0
691	0
1472	0
1472	0
1472	0
1472	0
1472	0
630	0
1472	0
1472	0
1472	0
1472	0
937	0
1472	0
1472	0
1472	0
1472	0
1472	0
314	0
1472	0
1472	0
1472	0
1472	0
1472	0
216	0
1472	0
1472	0
1472	0
1472	0
1242	0.119
1472	0
1472	0
1472	0
1472	0
1472	0
353	0
1472	0
1472	0
1472	0
1472	0
1472	0
1472	0
1472	0
1472	0
1472	0
1472	0
1472	0
1472	0
1472	0
1472	0
1472	0
1472	0
1472	0
1472	0
339	0
1472	0
1472	0
1472	0
872	0
1472	0
1472	0
1472	0
1472	0
645	0
1472	0
1472	0
1472	0
1472	0
944	0
1472	0
1472	0
1472	0
1472	0
468	0
1472	0
1472	0
1472	0
1472	0
1445	0.118
1472	0
1472	0
1472	0
1472	0
1472	0
217	0.001
1472	0
1472	0
1472	0
1472	0
772	0
1472	0
1472	0
1472	0
1472	0
1472	0
277	0
1472	0
1472	0
1472	0
1472	0
1412	0
1472	0
1472	0
1472	0
1472	0
630	0
1472	0
1472	0
1472	0
1472	0
1472	0
212	0
1472	0
1472	0
1472	0
1472	0
1472	0
1472	0
1472	0
1472	0
1472	0
1472	0
1472	0
1472	0
1472	0
1472	0
1472	0
1472	0
1472	0
1472	0
1472	0
950	0.118
1472	0
1472	0
1472	0
1472	0
342	0
1472	0
1472	0
1472	0
1472	0
1472	0
1424	0
1472	0
1472	0
1472	0
1472	0
1472	0
1106	0
1472	0
1472	0
1472	0
1472	0
498	0
1472	0
1472	0
1472	0
1472	0
1264	0
1472	0
1472	0
1472	0
1472	0
1191	0.001
1472	0
1472	0
1472	0
1472	0
708	0.118
1472	0
1472	0
1472	0
1472	0
1472	0
568	0
1472	0
1472	0
1472	0
1472	0
1075	0
1472	0
1472	0
1472	0
1472	0
269	0
1472	0
1472	0
1472	0
1472	0
20	0
1472	0
1472	0
1472	0
1472	0
1472	0
1472	0
1472	0
1472	0
1472	0
1472	0
1472	0
1472	0
1472	0
1472	0
1472	0
1472	0
1472	0
1472	0
1472	0
1472	0
985	0
1472	0
1472	0
1472	0
355	0
1472	0
1472	0
1472	0
759	0.118
1472	0
1472	0
1472	0
1471	0
1472	0
1472	0
1472	0
536	0
1472	0
1472	0
1472	0
795	0
1472	0
1472	0
1472	0
26	0.001
1472	0
1472	0
1472	0
833	0
1472	0
1472	0
1472	0
1124	0
1472	0
1472	0
1472	0
916	0.118
1472	0
1472	0
1472	0
446	0
1472	0
1472	0
1472	0
1007	0
1472	0
1472	0
1472	0
1472	0
1472	0
1472	0
1472	0
1472	0
1472	0
1472	0
1472	0
1472	0
1472	0
1472	0
1472	0
1472	0
1472	0
1472	0
1472	0
1472	0
1343	0
1472	0
1472	0
807	0
1472	0
1472	0
821	0
1472	0
1472	0
1303	0
1472	0
1472	0
426	0
1472	0
1472	0
931	0.136
1472	0
1472	0
1472	0
642	0
1472	0
1472	0
1472	0
515	0
1472	0
1472	0
1472	0
801	0
1472	0
1472	0
1472	0
608	0
1472	0
1472	0
1472	0
311	0
1472	0
1472	0
1472	0
1472	0
154	0
1472	0
1472	0
1472	0
1472	0
1472	0
1472	0
1472	0
1472	0
1472	0
1472	0
1472	0
1472	0
1472	0
1472	0
1472	0
1472	0
1472	0
1472	0
1472	0
1472	0
1070	0
1472	0
1472	0
1472	0
715	0.135
1472	0
1472	0
1472	0
1472	0
586	0
1472	0
1472	0
1472	0
1472	0
1406	0
1472	0
1472	0
1472	0
1472	0
1134	0
1472	0
1472	0
1472	0
1472	0
1472	0
581	0
1472	0
1472	0
1472	0
1472	0
48	0.001
1472	0
1472	0
1472	0
1472	0
629	0
1472	0
1472	0
1472	0
1472	0
1472	0
414	0
1472	0
1472	0
1472	0
1472	0
1472	0
118	0.135
1472	0
1472	0
1472	0
1472	0
794	0
1472	0
1472	0
1472	0
1472	0
1472	0
250	0
1472	0
1472	0
1472	0
1472	0
1472	0
1472	0
1472	0
1472	0
1472	0
1472	0
1472	0
1472	0
1472	0
1472	0
1472	0
1472	0
1472	0
1472	0
1472	0
1472	0
730	0
1472	0
1472	0
1472	0
1472	0
264	0
1472	0
1472	0
1472	0
1472	0
619	0
1472	0
1472	0
1472	0
1472	0
1178	0
1472	0
1472	0
1472	0
1472	0
556	0
1472	0
1472	0
1472	0
1472	0
1472	0
257	0.135
1472	0
1472	0
1472	0
1472	0
1472	0
591	0
1472	0
1472	0
1472	0
1472	0
814	0.001
1472	0
1472	0
1472	0
1472	0
947	0
1472	0
1472	0
1472	0
1472	0
1126	0
1472	0
1472	0
1472	0
1472	0
584	0
1472	0
1472	0
1472	0
1472	0
1472	0
184	0
1472	0
1472	0
1472	0
1472	0
1472	0
1472	0
1472	0
1472	0
1472	0
1472	0
1472	0
1472	0
1472	0
1472	0
1472	0
1472	0
1472	0
1472	0
1472	0
1472	0
1052	0
1472	0
1472	0
1472	0
1472	0
1301	0.135
1472	0
1472	0
1472	0
1472	0
1472	0
945	0
1472	0
1472	0
1472	0
1472	0
1472	0
1472	0
119	0
1472	0
1472	0
1472	0
1472	0
1472	0
815	0
1472	0
1472	0
1472	0
1472	0
1472	0
1472	0
606	0
1472	0
1472	0
1472	0
1472	0
1472	0
1472	0
677	0
1472	0
1472	0
1472	0
1472	0
1472	0
1472	0
117	0
1472	0
1472	0
1472	0
1472	0
1472	0
1472	0
440	0.001
1472	0
1472	0
1472	0
1472	0
1472	0
1472	0
140	0.135
1472	0
1472	0
1472	0
1472	0
1472	0
869	0
1472	0
1472	0
1472	0
1472	0
1472	0
1472	0
775	0
1472	0
1472	0
1472	0
1472	0
1472	0
1472	0
1472	0
1472	0
1472	0
1472	0
1472	0
1472	0
1472	0
1472	0
1472	0
1472	0
1472	0
1472	0
1472	0
1472	0
889	0
1472	0
1472	0
1472	0
1472	0
1472	0
253	0
1472	0
1472	0
1472	0
1472	0
1472	0
1457	0
1472	0
1472	0
1472	0
1472	0
1472	0
27	0
1472	0
1472	0
1472	0
1472	0
1472	0
934	0
1472	0
1472	0
1472	0
1472	0
1472	0
1472	0
103	0.135
1472	0
1472	0
1472	0
1472	0
1472	0
1472	0
404	0
1472	0
1472	0
1472	0
1472	0
1472	0
1472	0
117	0
1472	0
1472	0
1472	0
1472	0
1472	0
1012	0
1472	0
1472	0
1472	0
1472	0
1472	0
322	0.001
1472	0
1472	0
1472	0
1472	0
1427	0
1472	0
1472	0
1472	0
1472	0
1472	0
195	0
1472	0
1472	0
1472	0
1472	0
1472	0
1472	0
1472	0
1472	0
1472	0
1472	0
1472	0
1472	0
1472	0
1472	0
1472	0
1472	0
1472	0
1472	0
1472	0
1472	0
1371	0
1472	0
1472	0
1472	0
339	0.135
1472	0
1472	0
1472	0
937	0
1472	0
1472	0
1472	0
915	0
1472	0
1472	0
1472	0
1210	0
1472	0
1472	0
1472	0
1150	0
1472	0
1472	0
1472	0
1372	0
1472	0
1472	0
1472	0
1472	0
394	0
1472	0
1472	0
1472	0
1472	0
1043	0
1472	0
1472	0
1472	0
1472	0
707	0.135
1472	0
1472	0
1472	0
1018	0
1472	0
1472	0
1472	0
1472	0
149	0.001
1472	0
1472	0
1472	0
1472	0
1472	0
1472	0
1472	0
1472	0
1472	0
1472	0
1472	0
1472	0
1472	0
1472	0
1472	0
1472	0
1472	0
1472	0
1472	0
1472	0
1270	0
1472	0
1472	0
1472	0
384	0
1472	0
1472	0
1472	0
631	0
1472	0
1472	0
1472	0
954	0
1472	0
1472	0
1472	0
1472	0
762	0
1472	0
1472	0
1472	0
1472	0
913	0.135
1472	0
1472	0
1472	0
1472	0
1472	0
262	0
1472	0
1472	0
1472	0
1472	0
1323	0
1472	0
1472	0
1472	0
1472	0
1472	0
439	0
1472	0
1472	0
1472	0
1472	0
1472	0
414	0
1472	0
1472	0
1472	0
1472	0
1149	0
1472	0
1472	0
1472	0
1472	0
1472	0
829	0.001
1472	0
1472	0
1472	0
1472	0
1472	0
1472	0
1472	0
1472	0
1472	0
1472	0
1472	0
1472	0
1472	0
1472	0
1472	0
1472	0
1472	0
1472	0
1472	0
1472	0
587	0
1472	0
1472	0
1472	0
1472	0
1472	0
323	0.134
1472	0
1472	0
1472	0
1472	0
1472	0
339	0.001
1472	0
1472	0
1472	0
1472	0
1472	0
819	0
1472	0
1472	0
1472	0
1472	0
1472	0
1472	0
143	0
1472	0
1472	0
1472	0
1472	0
1472	0
1472	0
1239	0
1472	0
1472	0
1472	0
1472	0
1472	0
1472	0
1472	0
459	0
1472	0
1472	0
1472	0
1472	0
1472	0
1472	0
1113	0
1472	0
1472	0
1472	0
1472	0
1472	0
1472	0
518	0
1472	0
1472	0
1472	0
1472	0
1472	0
1392	0.135
1472	0
1472	0
1472	0
1472	0
1472	0
438	0
1472	0
1472	0
1472	0
1472	0
1472	0
1283	0.001
1472	0
1472	0
1472	0
1472	0
1472	0
1472	0
1472	0
1472	0
1472	0
1472	0
1472	0
1472	0
1472	0
1472	0
1472	0
1472	0
1472	0
1472	0
1472	0
1048	0
1472	0
1472	0
1472	0
1472	0
498	0
1472	0
1472	0
1472	0
1472	0
662	0
1472	0
1472	0
1472	0
1472	0
866	0
1472	0
1472	0
1472	0
1472	0
877	0
1472	0
1472	0
1472	0
1472	0
1472	0
337	0.135
1472	0
1472	0
1472	0
1472	0
1472	0
1399	0
1472	0
1472	0
1472	0
1472	0
1472	0
954	0
1472	0
1472	0
1472	0
1472	0
1472	0
1472	0
565	0
1472	0
1472	0
1472	0
1472	0
1472	0
63	0
1472	0
1472	0
1472	0
1472	0
1472	0
1150	0
1472	0
1472	0
1472	0
1472	0
1472	0
1472	0
29	0
1472	0
1472	0
1472	0
1472	0
1472	0
1472	0
1472	0
1472	0
1472	0
1472	0
1472	0
1472	0
1472	0
1472	0
1472	0
1472	0
1472	0
1472	0
1472	0
1472	0
368	0
1472	0
1472	0
1472	0
104	0
1472	0
1472	0
1472	0
652	0.152
1472	0
1472	0
1472	0
948	0
1472	0
1472	0
1472	0
966	0
1472	0
1472	0
1472	0
1472	0
1472	0
1044	0
1472	0
1472	0
1472	0
1472	0
1472	0
1355	0.001
1472	0
1472	0
1472	0
1201	0
1472	0
1472	0
1472	0
1472	0
473	0
1472	0
1472	0
1472	0
1472	0
1472	0
1216	0
1472	0
1472	0
1472	0
1472	0
1472	0
1472	0
1472	0
85	0
1472	0
1472	0
1472	0
1472	0
1472	0
1240	0.152
1472	0
1472	0
1472	0
1472	0
1472	0
1472	0
1472	0
1472	0
1472	0
1472	0
1472	0
1472	0
1472	0
1472	0
1472	0
1472	0
1472	0
1472	0
1472	0
113	0
1472	0
1472	0
1472	0
1472	0
1472	0
1299	0
1472	0
1472	0
1472	0
1472	0
1472	0
597	0
1472	0
1472	0
1472	0
1472	0
249	0
1472	0
1472	0
1472	0
1472	0
680	0
1472	0
1472	0
1472	0
1472	0
1472	0
1472	0
161	0
1472	0
1472	0
1472	0
1472	0
1472	0
1323	0
1472	0
1472	0
1472	0
1472	0
1472	0
1373	0.001
1472	0
1472	0
1472	0
1472	0
1472	0
1472	0
1472	0
550	0.151
1472	0
1472	0
1472	0
1472	0
1472	0
1472	0
846	0
1472	0
1472	0
1472	0
1472	0
1472	0
497	0.001
1472	0
1472	0
1472	0
1472	0
1472	0
1472	0
930	0
1472	0
1472	0
1472	0
1472	0
1472	0
1472	0
1472	0
1472	0
1472	0
1472	0
1472	0
1472	0
1472	0
1472	0
1472	0
1472	0
1472	0
1472	0
98	0
1472	0
1472	0
1472	0
1472	0
1362	0
1472	0
1472	0
1472	0
1472	0
1472	0
964	0
1472	0
1472	0
1472	0
1472	0
1472	0
1443	0
1472	0
1472	0
1472	0
1472	0
1472	0
683	0
1472	0
1472	0
1472	0
1472	0
1472	0
1472	0
1205	0.152
1472	0
1472	0
1472	0
1472	0
1472	0
1217	0
1472	0
1472	0
1472	0
1472	0
1472	0
739	0
1472	0
1472	0
1472	0
1472	0
1472	0
993	0
1472	0
1472	0
1472	0
1472	0
1472	0
1472	0
256	0
1472	0
1472	0
1472	0
1472	0
1472	0
555	0
1472	0
1472	0
1472	0
1472	0
1472	0
1472	0
1472	0
169	0.001
1472	0
1472	0
1472	0
1472	0
1472	0
1472	0
1472	0
1472	0
1472	0
1472	0
1472	0
1472	0
1472	0
1472	0
1472	0
1472	0
1472	0
1472	0
1006	0
1472	0
1472	0
1472	0
1472	0
1285	0
1472	0
1472	0
1472	0
1472	0
1472	0
265	0.151
1472	0
1472	0
1472	0
1472	0
1472	0
1252	0.001
1472	0
1472	0
1472	0
1472	0
1472	0
421	0
1472	0
1472	0
1472	0
1472	0
1472	0
1472	0
192	0
1472	0
1472	0
1472	0
1472	0
1472	0
1472	0
786	0
1472	0
1472	0
1472	0
1472	0
1472	0
1446	0
1472	0
1472	0
1472	0
1472	0
1472	0
1472	0
332	0
1472	0
1472	0
1472	0
1472	0
1472	0
1472	0
181	0
1472	0
1472	0
1472	0
1472	0
1472	0
760	0
1472	0
1472	0
1472	0
1472	0
1472	0
1472	0
791	0.152
1472	0
1472	0
1472	0
1472	0
1472	0
1472	0
1472	0
1472	0
1472	0
1472	0
1472	0
1472	0
1472	0
1472	0
1472	0
1472	0
1472	0
1472	0
1380	0
1472	0
1472	0
1472	0
1472	0
842	0
1472	0
1472	0
1472	0
1472	0
952	0
1472	0
1472	0
1472	0
1472	0
1472	0
1058	0
1472	0
1472	0
1472	0
1472	0
1472	0
68	0
1472	0
1472	0
1472	0
1472	0
1472	0
1472	0
589	0
1472	0
1472	0
1472	0
1472	0
1472	0
1472	0
1126	0
1472	0
1472	0
1472	0
1472	0
1472	0
1309	0.001
1472	0
1472	0
1472	0
1472	0
1472	0
1472	0
291	0.152
1472	0
1472	0
1472	0
1472	0
1472	0
1472	0
413	0
1472	0
1472	0
1472	0
1472	0
1472	0
941	0
1472	0
1472	0
1472	0
1472	0
1472	0
1472	0
1472	0
585	0
1472	0
1472	0
1472	0
1472	0
1472	0
1472	0
1472	0
1472	0
1472	0
1472	0
1472	0
1472	0
1472	0
1472	0
1472	0
1472	0
1472	0
1472	0
1072	0
1472	0
1472	0
1472	0
1472	0
527	0
1472	0
1472	0
1472	0
1472	0
776	0
1472	0
1472	0
1472	0
1472	0
45	0
1472	0
1472	0
1472	0
1472	0
966	0
1472	0
1472	0
1472	0
1472	0
1472	0
1088	0.152
1472	0
1472	0
1472	0
1472	0
1472	0
1472	0
852	0
1472	0
1472	0
1472	0
1472	0
1472	0
1108	0
1472	0
1472	0
1472	0
1472	0
1472	0
40	0
1472	0
1472	0
1472	0
1472	0
1472	0
1036	0
1472	0
1472	0
1472	0
1472	0
1472	0
179	0
1472	0
1472	0
1472	0
1472	0
1472	0
1373	0.001
1472	0
1472	0
1472	0
1472	0
1472	0
1472	0
1472	0
1472	0
1472	0
1472	0
1472	0
1472	0
1472	0
1472	0
1472	0
1472	0
1472	0
1472	0
1472	0
1423	0
1472	0
1472	0
1472	0
1472	0
110	0
1472	0
1472	0
1472	0
555	0.152
1472	0
1472	0
1472	0
945	0
1472	0
1472	0
1472	0
1278	0
1472	0
1472	0
1472	0
1472	0
1125	0
1472	0
1472	0
1472	0
1472	0
1472	0
1472	0
449	0
1472	0
1472	0
1472	0
1472	0
1169	0
1472	0
1472	0
1472	0
1472	0
748	0
1472	0
1472	0
1472	0
1472	0
923	0
1472	0
1472	0
1472	0
1278	0
1472	0
1472	0
1472	0
1472	0
1386	0.152
1472	0
1472	0
1472	0
1472	0
1472	0
1472	0
1472	0
1472	0
1472	0
1472	0
1472	0
1472	0
1472	0
1472	0
1472	0
1472	0
1472	0
1472	0
1472	0
225	0
1472	0
1472	0
1472	0
262	0
1472	0
1472	0
830	0
1472	0
1472	0
972	0
1472	0
1472	0
1458	0
1472	0
1472	0
1472	0
1472	0
1331	0.001
1472	0
1472	0
1472	0
1472	0
1472	0
339	0
1472	0
1472	0
1472	0
1472	0
811	0
1472	0
1472	0
1472	0
1472	0
1472	0
457	0.152
1472	0
1472	0
1472	0
1472	0
1472	0
1472	0
482	0
1472	0
1472	0
1472	0
1472	0
1472	0
579	0
1472	0
1472	0
1472	0
1472	0
1472	0
56	0
1472	0
1472	0
1472	0
1472	0
1472	0
1472	0
1472	0
1472	0
1472	0
1472	0
1472	0
1472	0
1472	0
1472	0
1472	0
1472	0
1472	0
1472	0
1472	0
112	0
1472	0
1472	0
1472	0
1472	0
409	0
1472	0
1472	0
1472	0
1472	0
261	0
1472	0
1472	0
1472	0
1472	0
1077	0
1472	0
1472	0
1472	0
1472	0
358	0
1472	0
1472	0
1472	0
1472	0
1472	0
151	0.001
1472	0
1472	0
1472	0
1472	0
874	0.168
1472	0
1472	0
1472	0
1472	0
520	0
1472	0
1472	0
1472	0
1472	0
1436	0
1472	0
1472	0
1472	0
1472	0
1472	0
432	0
1472	0
1472	0
1472	0
1472	0
931	0
1472	0
1472	0
1472	0
1472	0
1472	0
890	0.001
1472	0
1472	0
1472	0
1472	0
1472	0
1472	0
1472	0
1472	0
1472	0
1472	0
1472	0
1472	0
1472	0
1472	0
1472	0
1472	0
1472	0
1472	0
1472	0
1472	0
881	0
1472	0
1472	0
1472	0
1472	0
237	0
1472	0
1472	0
1472	0
1472	0
176	0
1472	0
1472	0
1472	0
1472	0
631	0
1472	0
1472	0
1472	0
1359	0.169
1472	0
1472	0
1472	0
1472	0
814	0
1472	0
1472	0
1472	0
1472	0
1472	0
273	0
1472	0
1472	0
1472	0
1472	0
776	0
1472	0
1472	0
1472	0
1472	0
1441	0
1472	0
1472	0
1472	0
1472	0
977	0
1472	0
1472	0
1472	0
1472	0
127	0
1472	0
1472	0
1472	0
1472	0
1472	0
515	0
1472	0
1472	0
1472	0
1472	0
1472	0
1472	0
1472	0
1472	0
1472	0
1472	0
1472	0
1472	0
1472	0
1472	0
1472	0
1472	0
1472	0
1472	0
1472	0
1472	0
1461	0
1472	0
1472	0
1472	0
900	0
1472	0
1472	0
1472	0
263	0.169
1472	0
1472	0
1472	0
602	0
1472	0
1472	0
1472	0
293	0
1472	0
1472	0
1472	0
1472	0
350	0
1472	0
1472	0
1472	0
1472	0
876	0
1472	0
1472	0
1472	0
867	0
1472	0
1472	0
1472	0
1472	0
378	0.001
1472	0
1472	0
1472	0
1142	0
1472	0
1472	0
1472	0
506	0
1472	0
1472	0
1472	0
1271	0
1472	0
1472	0
1472	0
1472	0
1472	0
1472	0
1472	0
1472	0
1472	0
1472	0
1472	0
1472	0
1472	0
1472	0
1472	0
1472	0
1472	0
1472	0
1472	0
1472	0
1472	0
966	0.169
1472	0
1472	0
1303	0
1472	0
1472	0
871	0
1472	0
1472	0
970	0
1472	0
1472	0
672	0
1472	0
1472	0
1472	0
528	0
1472	0
1472	0
1472	0
1030	0
1472	0
1472	0
1472	0
762	0
1472	0
1472	0
1472	0
1235	0
1472	0
1472	0
1472	0
1083	0
1472	0
1472	0
1472	0
460	0.169
1472	0
1472	0
1472	0
1472	0
388	0
1472	0
1472	0
1472	0
1472	0
1472	0
1472	0
1472	0
1472	0
1472	0
1472	0
1472	0
1472	0
1472	0
1472	0
1472	0
1472	0
1472	0
1472	0
1472	0
1472	0
1472	0
985	0
1472	0
1472	0
1472	0
298	0.001
1472	0
1472	0
1323	0
1472	0
1472	0
1472	0
124	0
1472	0
1472	0
1112	0
1472	0
1472	0
1472	0
1020	0
1472	0
1472	0
1472	0
906	0
1472	0
1472	0
1472	0
409	0
1472	0
1472	0
1472	0
1241	0.169
1472	0
1472	0
1472	0
52	0
1472	0
1472	0
1472	0
467	0
1472	0
1472	0
1472	0
1472	0
501	0
1472	0
1472	0
1472	0
1472	0
1472	0
1472	0
1472	0
1472	0
1472	0
1472	0
1472	0
1472	0
1472	0
1472	0
1472	0
1472	0
1472	0
1472	0
1472	0
1472	0
193	0
1472	0
1472	0
1472	0
759	0
1472	0
1472	0
1472	0
501	0
1472	0
1472	0
1472	0
553	0
1472	0
1472	0
1404	0
1472	0
1472	0
1472	0
934	0
1472	0
1472	0
1472	0
1354	0.169
1472	0
1472	0
1472	0
585	0
1472	0
1472	0
1472	0
1471	0
1472	0
1472	0
1472	0
1220	0
1472	0
1472	0
1472	0
427	0
1472	0
1472	0
1472	0
47	0.001
1472	0
1472	0
1472	0
1472	0
1472	0
1472	0
1472	0
1472	0
1472	0
1472	0
1472	0
1472	0
1472	0
1472	0
1472	0
1472	0
1472	0
1472	0
1472	0
1472	0
1142	0
1472	0
1472	0
1472	0
370	0
1472	0
1472	0
1275	0
1472	0
1472	0
1472	0
236	0
1472	0
1472	0
1196	0.169
1472	0
1472	0
1472	0
696	0
1472	0
1472	0
1472	0
1426	0
1472	0
1472	0
1472	0
390	0
1472	0
1472	0
1472	0
962	0
1472	0
1472	0
1472	0
1024	0
1472	0
1472	0
1393	0
1472	0
1472	0
1472	0
1472	0
398	0
1472	0
1472	0
1472	0
1472	0
1472	0
1472	0
1472	0
1472	0
1472	0
1472	0
1472	0
1472	0
1472	0
1472	0
1472	0
1472	0
1472	0
1472	0
1472	0
1472	0
1291	0
1472	0
1472	0
693	0
1472	0
1472	0
368	0.169
1472	0
1472	0
293	0
1472	0
1472	0
273	0
1472	0
1472	0
1080	0
1472	0
1472	0
1472	0
68	0
1472	0
1472	0
1228	0
1472	0
1472	0
1472	0
781	0
1472	0
1472	0
1472	0
708	0
1472	0
1472	0
1472	0
61	0
1472	0
1472	0
1472	0
1091	0.001
1472	0
1472	0
1472	0
1472	0
1472	0
1472	0
1472	0
1472	0
1472	0
1472	0
1472	0
1472	0
1472	0
1472	0
1472	0
1472	0
1472	0
1472	0
1472	0
1472	0
1157	0.169
1472	0
1472	0
1472	0
253	0
1472	0
1472	0
1282	0
1472	0
1472	0
1472	0
299	0
1472	0
1472	0
1309	0
1472	0
1472	0
1472	0
663	0
1472	0
1472	0
1472	0
1139	0
1472	0
1472	0
1472	0
529	0
1472	0
1472	0
1472	0
1394	0
1472	0
1472	0
1472	0
826	0
1472	0
1472	0
1456	0
1472	0
1472	0
1472	0
780	0.186
1472	0
1472	0
1472	0
1472	0
1472	0
1472	0
1472	0
1472	0
1472	0
1472	0
1472	0
1472	0
1472	0
1472	0
1472	0
1472	0
1472	0
1472	0
1472	0
1472	0
1472	0
392	0
1472	0
1472	0
1028	0
1472	0
1472	0
441	0
1472	0
1472	0
1190	0
1472	0
1472	0
850	0
1472	0
1472	0
1472	0
142	0
1472	0
1472	0
1334	0
1472	0
1472	0
616	0
1472	0
1472	0
1071	0.001
1472	0
1472	0
908	0
1472	0
1472	0
268	0.185
1472	0
1472	0
1235	0.001
1472	0
1472	0
1472	0
1472	0
1472	0
1472	0
1472	0
1472	0
1472	0
1472	0
1472	0
1472	0
1472	0
1472	0
1472	0
1472	0
1472	0
1472	0
1472	0
1472	0
1472	0
591	0
1472	0
1472	0
946	0
1472	0
1472	0
437	0
1472	0
1472	0
1001	0
1472	0
1472	0
747	0
1472	0
1472	0
1472	0
148	0
1472	0
1472	0
1472	0
653	0
1472	0
1472	0
1446	0
1472	0
1472	0
1472	0
744	0
1472	0
1472	0
1472	0
780	0.186
1472	0
1472	0
24	0
1472	0
1472	0
1472	0
519	0
1472	0
1472	0
1472	0
1472	0
1472	0
1472	0
1472	0
1472	0
1472	0
1472	0
1472	0
1472	0
1472	0
1472	0
1472	0
1472	0
1472	0
1472	0
1472	0
1472	0
1472	0
319	0
1472	0
1472	0
1472	0
197	0
1472	0
1472	0
1191	0
1472	0
1472	0
801	0
1472	0
1472	0
780	0
1472	0
1472	0
1472	0
160	0.001
1472	0
1472	0
1175	0
1472	0
1472	0
1158	0
1472	0
1472	0
1352	0.185
1472	0
1472	0
1472	0
245	0
1472	0
1472	0
862	0.001
1472	0
1472	0
1472	0
714	0
1472	0
1472	0
1472	0
1472	0
1472	0
1472	0
1472	0
1472	0
1472	0
1472	0
1472	0
1472	0
1472	0
1472	0
1472	0
1472	0
1472	0
1472	0
1472	0
1472	0
1472	0
610	0
1472	0
1472	0
1472	0
154	0
1472	0
1472	0
1392	0
1472	0
1472	0
1289	0
1472	0
1472	0
1151	0
1472	0
1472	0
1066	0
1472	0
1472	0
30	0
1472	0
1472	0
1186	0.186
1472	0
1472	0
1472	0
375	0
1472	0
1472	0
1472	0
331	0
1472	0
1472	0
1173	0
1472	0
1472	0
1472	0
187	0
1472	0
1472	0
1472	0
1472	0
1472	0
1472	0
1472	0
1472	0
1472	0
1472	0
1472	0
1472	0
1472	0
1472	0
1472	0
1472	0
1472	0
1472	0
1472	0
1472	0
1472	0
631	0
1472	0
1472	0
1472	0
164	0
1472	0
1472	0
1450	0
1472	0
1472	0
1080	0
1472	0
1472	0
1010	0
1472	0
1472	0
1472	0
334	0
1472	0
1472	0
1472	0
497	0.186
1472	0
1472	0
1330	0
1472	0
1472	0
1472	0
629	0
1472	0
1472	0
1472	0
804	0
1472	0
1472	0
1472	0
92	0
1472	0
1472	0
1472	0
224	0.001
1472	0
1472	0
1472	0
1472	0
1472	0
1472	0
1472	0
1472	0
1472	0
1472	0
1472	0
1472	0
1472	0
1472	0
1472	0
1472	0
1472	0
1472	0
1472	0
1472	0
1472	0
622	0
1472	0
1472	0
1472	0
458	0
1472	0
1472	0
42	0
1472	0
1472	0
1235	0
1472	0
1472	0
1179	0
1472	0
1472	0
1472	0
1156	0.186
1472	0
1472	0
1472	0
168	0
1472	0
1472	0
1080	0
1472	0
1472	0
1472	0
576	0
1472	0
1472	0
1472	0
480	0
1472	0
1472	0
17	0
1472	0
1472	0
1472	0
695	0
1472	0
1472	0
1472	0
1472	0
1472	0
1472	0
1472	0
1472	0
1472	0
1472	0
1472	0
1472	0
1472	0
1472	0
1472	0
1472	0
1472	0
1472	0
1472	0
1472	0
1472	0
766	0
1472	0
1472	0
1472	0
670	0
1472	0
1472	0
1472	0
315	0
1472	0
1472	0
1472	0
766	0
1472	0
1472	0
1472	0
126	0.186
1472	0
1472	0
1472	0
1265	0
1472	0
1472	0
1472	0
790	0
1472	0
1472	0
1320	0
1472	0
1472	0
33	0
1472	0
1472	0
1472	0
347	0
1472	0
1472	0
1154	0
1472	0
1472	0
1472	0
569	0.001
1472	0
1472	0
1472	0
1472	0
1472	0
1472	0
1472	0
1472	0
1472	0
1472	0
1472	0
1472	0
1472	0
1472	0
1472	0
1472	0
1472	0
1472	0
1472	0
1472	0
1472	0
1472	0
1169	0
1472	0
1472	0
1472	0
289	0
1472	0
1472	0
1269	0
1472	0
1472	0
1472	0
303	0.186
1472	0
1472	0
1281	0
1472	0
1472	0
1472	0
492	0
1472	0
1472	0
1472	0
598	0
1472	0
1472	0
1472	0
238	0
1472	0
1472	0
1472	0
795	0
1472	0
1472	0
1472	0
449	0
1472	0
1472	0
1068	0
1472	0
1472	0
1472	0
1225	0
1472	0
1472	0
1472	0
1472	0
1472	0
1472	0
1472	0
1472	0
1472	0
1472	0
1472	0
1472	0
1472	0
1472	0
1472	0
1472	0
1472	0
1472	0
1472	0
1472	0
1472	0
1472	0
1472	0
890	0
1472	0
1472	0
1320	0
1472	0
1472	0
1025	0
1472	0
1472	0
1472	0
189	0.203
1472	0
1472	0
1472	0
513	0
1472	0
1472	0
1472	0
837	0
1472	0
1472	0
1051	0
1472	0
1472	0
1294	0
1472	0
1472	0
1472	0
513	0
1472	0
1472	0
1472	0
367	0
1472	0
1472	0
1472	0
208	0
1472	0
1472	0
1472	0
902	0.001
1472	0
1472	0
1472	0
1472	0
1472	0
1472	0
1472	0
1472	0
1472	0
1472	0
1472	0
1472	0
1472	0
1472	0
1472	0
1472	0
1472	0
1472	0
1472	0
1472	0
1472	0
1472	0
1472	0
1176	0
1472	0
1472	0
1472	0
414	0
1472	0
1472	0
1472	0
267	0
1472	0
1472	0
1472	0
503	0.202
1472	0
1472	0
1363	0
1472	0
1472	0
1472	0
282	0
1472	0
1472	0
1472	0
470	0
1472	0
1472	0
1472	0
117	0
1472	0
1472	0
1472	0
80	0.001
1472	0
1472	0
1472	0
545	0
1472	0
1472	0
1472	0
99	0
1472	0
1472	0
1472	0
1099	0
1472	0
1472	0
1472	0
1472	0
1472	0
1472	0
1472	0
1472	0
1472	0
1472	0
1472	0
1472	0
1472	0
1472	0
1472	0
1472	0
1472	0
1472	0
1472	0
1472	0
1472	0
1472	0
1472	0
1326	0
1472	0
1472	0
1472	0
581	0
1472	0
1472	0
1338	0
1472	0
1472	0
1472	0
303	0.203
1472	0
1472	0
1378	0
1472	0
1472	0
1472	0
999	0
1472	0
1472	0
1472	0
705	0
1472	0
1472	0
1472	0
185	0
1472	0
1472	0
1472	0
640	0
1472	0
1472	0
1472	0
310	0
1472	0
1472	0
34	0
1472	0
1472	0
1472	0
337	0
1472	0
1472	0
1472	0
1472	0
1472	0
1472	0
1472	0
1472	0
1472	0
1472	0
1472	0
1472	0
1472	0
1472	0
1472	0
1472	0
1472	0
1472	0
1472	0
1472	0
1472	0
1472	0
1472	0
1253	0
1472	0
1472	0
1472	0
795	0
1472	0
1472	0
1472	0
572	0.001
1472	0
1472	0
1472	0
1039	0.202
1472	0
1472	0
1472	0
744	0
1472	0
1472	0
1472	0
1176	0
1472	0
1472	0
1472	0
1199	0
1472	0
1472	0
1472	0
555	0
1472	0
1472	0
1472	0
1019	0
1472	0
1472	0
1472	0
1145	0
1472	0
1472	0
1472	0
526	0
1472	0
1472	0
1472	0
1071	0.001
1472	0
1472	0
1472	0
1472	0
1472	0
1472	0
1472	0
1472	0
1472	0
1472	0
1472	0
1472	0
1472	0
1472	0
1472	0
1472	0
1472	0
1472	0
1472	0
1472	0
1472	0
1472	0
1472	0
174	0
1472	0
1472	0
1371	0
1472	0
1472	0
1239	0
1472	0
1472	0
1472	0
383	0.202
1472	0
1472	0
1472	0
196	0.001
1472	0
1472	0
1472	0
327	0
1472	0
1472	0
1472	0
264	0
1472	0
1472	0
1472	0
166	0
1472	0
1472	0
1472	0
343	0
1472	0
1472	0
1472	0
553	0
1472	0
1472	0
1472	0
191	0
1472	0
1472	0
1472	0
1258	0
1472	0
1472	0
1472	0
1472	0
1472	0
1472	0
1472	0
1472	0
1472	0
1472	0
1472	0
1472	0
1472	0
1472	0
1472	0
1472	0
1472	0
1472	0
1472	0
1472	0
1472	0
1472	0
1472	0
59	0
1472	0
1472	0
1472	0
309	0
1472	0
1472	0
1082	0
1472	0
1472	0
1472	0
414	0.203
1472	0
1472	0
1270	0
1472	0
1472	0
1472	0
640	0
1472	0
1472	0
1472	0
705	0
1472	0
1472	0
1472	0
446	0
1472	0
1472	0
1472	0
812	0
1472	0
1472	0
1472	0
912	0
1472	0
1472	0
1472	0
611	0
1472	0
1472	0
1472	0
951	0.001
1472	0
1472	0
1472	0
1472	0
1472	0
1472	0
1472	0
1472	0
1472	0
1472	0
1472	0
1472	0
1472	0
1472	0
1472	0
1472	0
1472	0
1472	0
1472	0
1472	0
1472	0
1472	0
1472	0
1472	0
676	0
1472	0
1472	0
27	0
1472	0
1472	0
1336	0
1472	0
1472	0
16	0.202
1472	0
1472	0
1463	0
1472	0
1472	0
1472	0
120	0
1472	0
1472	0
1472	0
398	0
1472	0
1472	0
1472	0
156	0
1472	0
1472	0
1472	0
591	0.001
1472	0
1472	0
1472	0
957	0
1472	0
1472	0
1472	0
374	0
1472	0
1472	0
1472	0
675	0
1472	0
1472	0
1472	0
1472	0
1472	0
1472	0
1472	0
1472	0
1472	0
1472	0
1472	0
1472	0
1472	0
1472	0
1472	0
1472	0
1472	0
1472	0
1472	0
1472	0
1472	0
1472	0
1472	0
1472	0
1186	0
1472	0
1472	0
1472	0
161	0
1472	0
1472	0
1125	0
1472	0
1472	0
1007	0.203
1472	0
1472	0
551	0
1472	0
1472	0
1109	0
1472	0
1472	0
577	0
1472	0
1472	0
365	0
1472	0
1472	0
705	0
1472	0
1472	0
941	0
1472	0
1472	0
746	0
1472	0
1472	0
975	0
1472	0
1472	0
1472	0
1472	0
1472	0
1472	0
1472	0
1472	0
1472	0
1472	0
1472	0
1472	0
1472	0
1472	0
1472	0
1472	0
1472	0
1472	0
1472	0
1472	0
1472	0
1472	0
1472	0
1472	0
825	0
1472	0
1472	0
677	0
1472	0
1358	0
1472	0
1111	0
1472	0
471	0.22
1472	0
771	0
1472	0
895	0
1472	0
1335	0
1472	0
1145	0
1472	0
825	0
1472	0
1087	0
1472	0
1472	0
263	0
1472	0
1472	0
1472	0
1472	0
1472	0
1472	0
1472	0
1472	0
1472	0
1472	0
1472	0
1472	0
1472	0
1472	0
1472	0
1472	0
1472	0
1472	0
1472	0
1472	0
1472	0
1472	0
1472	0
1472	0
1182	0.001
1472	0
1472	0
1381	0
1472	0
1472	0
1281	0
1472	0
1472	0
1472	0
166	0
1472	0
1472	0
1385	0
1472	0
1472	0
1472	0
340	0.219
1472	0
1472	0
1472	0
363	0
1472	0
1472	0
1472	0
335	0
1472	0
1472	0
1472	0
602	0.001
1472	0
1472	0
1472	0
902	0
1472	0
1472	0
1472	0
176	0
1472	0
1472	0
1472	0
1195	0
1472	0
1472	0
1472	0
1472	0
1472	0
1472	0
1472	0
1472	0
1472	0
1472	0
1472	0
1472	0
1472	0
1472	0
1472	0
1472	0
1472	0
1472	0
1472	0
1472	0
1472	0
1472	0
1472	0
1445	0
1472	0
1472	0
1472	0
223	0
1472	0
1472	0
1447	0
1472	0
1472	0
1454	0
1472	0
1472	0
1371	0
1472	0
1472	0
1472	0
228	0
1472	0
1472	0
1472	0
248	0.22
1472	0
1472	0
1051	0
1472	0
1472	0
1472	0
655	0
1472	0
1472	0
1472	0
777	0
1472	0
1472	0
1472	0
499	0
1472	0
1472	0
1472	0
1054	0
1472	0
1472	0
1472	0
1472	0
1472	0
1472	0
1472	0
1472	0
1472	0
1472	0
1472	0
1472	0
1472	0
1472	0
1472	0
1472	0
1472	0
1472	0
1472	0
1472	0
1472	0
1472	0
1472	0
1380	0
1472	0
1472	0
1472	0
411	0
1472	0
1472	0
1472	0
325	0
1472	0
1472	0
1472	0
662	0
1472	0
1472	0
1472	0
96	0
1472	0
1472	0
1472	0
963	0
1472	0
1472	0
1472	0
979	0.001
1472	0
1472	0
1472	0
741	0.219
1472	0
1472	0
1472	0
1312	0
1472	0
1472	0
1472	0
1169	0
1472	0
1472	0
1472	0
411	0
1472	0
1472	0
1472	0
1049	0.001
1472	0
1472	0
1472	0
1472	0
1472	0
1472	0
1472	0
1472	0
1472	0
1472	0
1472	0
1472	0
1472	0
1472	0
1472	0
1472	0
1472	0
1472	0
1472	0
1472	0
1472	0
1472	0
1472	0
1472	0
412	0
1472	0
1472	0
1472	0
466	0
1472	0
1472	0
31	0
1472	0
1472	0
1472	0
185	0
1472	0
1472	0
27	0
1472	0
1472	0
1472	0
1110	0
1472	0
1472	0
1472	0
472	0
1472	0
1472	0
1407	0
1472	0
1472	0
1472	0
823	0.219
1472	0
1472	0
1472	0
773	0
1472	0
1472	0
1472	0
355	0
1472	0
1472	0
1472	0
879	0.001
1472	0
1472	0
1472	0
1472	0
1472	0
1472	0
1472	0
1472	0
1472	0
1472	0
1472	0
1472	0
1472	0
1472	0
1472	0
1472	0
1472	0
1472	0
1472	0
1472	0
1472	0
1472	0
1472	0
1472	0
786	0
1472	0
1472	0
1472	0
433	0
1472	0
1472	0
1472	0
99	0
1472	0
1472	0
1472	0
306	0
1472	0
1472	0
1339	0
1472	0
1472	0
1472	0
689	0
1472	0
1472	0
1472	0
501	0
1472	0
1472	0
1472	0
83	0
1472	0
1472	0
1472	0
871	0
1472	0
1472	0
1472	0
517	0.22
1472	0
1472	0
1472	0
174	0
1472	0
1472	0
1472	0
269	0
1472	0
1472	0
1472	0
1472	0
1472	0
1472	0
1472	0
1472	0
1472	0
1472	0
1472	0
1472	0
1472	0
1472	0
1472	0
1472	0
1472	0
1472	0
1472	0
1472	0
1472	0
1472	0
1472	0
1472	0
1031	0
1472	0
1472	0
1472	0
110	0
1472	0
1472	0
885	0
1472	0
1472	0
952	0
1472	0
1472	0
837	0
1472	0
1472	0
1359	0
1472	0
1472	0
1302	0
1472	0
1472	0
962	0
1472	0
1472	0
1472	0
243	0
1472	0
1472	0
1245	0
1472	0
1472	0
732	0.22
1472	0
1472	0
1472	0
264	0
1472	0
1472	0
1472	0
1472	0
1472	0
1472	0
1472	0
1472	0
1472	0
1472	0
1472	0
1472	0
1472	0
1472	0
1472	0
1472	0
1472	0
1472	0
1472	0
1472	0
1472	0
1472	0
1472	0
1472	0
1224	0
1472	0
1472	0
1153	0
1472	0
1472	0
1132	0
1472	0
1472	0
1408	0
1472	0
1472	0
1111	0
1472	0
1472	0
1345	0.001
1472	0
1472	0
1393	0
1472	0
1472	0
1056	0
1472	0
1472	0
1358	0
1472	0
1472	0
763	0
1472	0
1472	0
711	0
1472	0
1472	0
1291	0.22
1472	0
1472	0
1472	0
1472	0
1472	0
1472	0
1472	0
1472	0
1472	0
1472	0
1472	0
1472	0
1472	0
1472	0
1472	0
1472	0
1472	0
1472	0
1472	0
1472	0
1472	0
1472	0
1472	0
1472	0
1458	0
1472	0
1472	0
1195	0
1472	0
1472	0
673	0
1472	0
1472	0
725	0
1472	0
1472	0
713	0
1472	0
1472	0
720	0
1472	0
1430	0
1472	0
1343	0
1472	0
1472	0
314	0
1472	0
990	0
1472	0
941	0
1472	0
1044	0
1472	0
1472	0
1472	0
1472	0
1472	0
1472	0
1472	0
1472	0
1472	0
1472	0
1472	0
1472	0
1472	0
1472	0
1472	0
1472	0
1472	0
1472	0
1472	0
1472	0
1472	0
1472	0
1472	0
1472	0
83	0
1472	0
1472	0
1341	0.237
1472	0
1472	0
878	0
1472	0
1472	0
707	0
1472	0
1472	0
738	0
1472	0
1472	0
1472	0
324	0
1472	0
1472	0
896	0
1472	0
871	0
1472	0
1121	0
1472	0
1472	0
891	0
1472	0
1472	0
916	0
1472	0
1472	0
1319	0
1472	0
1472	0
1472	0
1472	0
1472	0
1472	0
1472	0
1472	0
1472	0
1472	0
1472	0
1472	0
1472	0
1472	0
1472	0
1472	0
1472	0
1472	0
1472	0
1472	0
1472	0
1472	0
1472	0
1472	0
1267	0
1472	0
1472	0
1459	0
1472	0
1472	0
1164	0
1472	0
1472	0
892	0.237
1472	0
1472	0
587	0
1472	0
1472	0
1246	0
1472	0
1472	0
941	0
1472	0
1472	0
886	0
1472	0
1472	0
1471	0
1472	0
1472	0
1345	0
1472	0
1472	0
268	0
1472	0
1472	0
157	0.001
1472	0
1472	0
1472	0
1472	0
1472	0
1472	0
1472	0
1472	0
1472	0
1472	0
1472	0
1472	0
1472	0
1472	0
1472	0
1472	0
1472	0
1472	0
1472	0
1472	0
1472	0
1472	0
1472	0
1472	0
246	0
1472	0
1472	0
710	0
1472	0
1109	0
1472	0
1472	0
600	0
1472	0
1435	0
1472	0
1288	0.236
1472	0
829	0
1472	0
753	0
1472	0
1472	0
119	0
1472	0
1472	0
490	0
1472	0
1392	0
1472	0
1415	0.001
1472	0
1472	0
1472	0
1472	0
1472	0
1472	0
1472	0
1472	0
1472	0
1472	0
1472	0
1472	0
1472	0
1472	0
1472	0
1472	0
1472	0
1472	0
1472	0
1472	0
1472	0
1472	0
1472	0
1472	0
1472	0
326	0
1472	0
1472	0
533	0
1472	0
1004	0
1472	0
1099	0
1472	0
421	0
1472	0
853	0
1472	0
1472	0
181	0
1472	0
1472	0
466	0.236
1472	0
1472	0
281	0.001
1472	0
1472	0
518	0
1472	0
1472	0
623	0
1472	0
1472	0
850	0
1472	0
1472	0
1472	0
1472	0
1472	0
1472	0
1472	0
1472	0
1472	0
1472	0
1472	0
1472	0
1472	0
1472	0
1472	0
1472	0
1472	0
1472	0
1472	0
1472	0
1472	0
1472	0
1472	0
1472	0
1025	0
1472	0
1472	0
1463	0
1472	0
1472	0
931	0
1472	0
1472	0
1141	0
1472	0
1472	0
849	0
1472	0
1472	0
1448	0
1472	0
1472	0
1151	0
1472	0
1472	0
848	0
1472	0
1472	0
1283	0
1472	0
1472	0
1049	0.237
1472	0
1472	0
945	0
1472	0
1472	0
1371	0
1472	0
1472	0
1472	0
1472	0
1472	0
1472	0
1472	0
1472	0
1472	0
1472	0
1472	0
1472	0
1472	0
1472	0
1472	0
1472	0
1472	0
1472	0
1472	0
1472	0
1472	0
1472	0
1472	0
1472	0
921	0
1472	0
1472	0
36	0
1472	0
1472	0
1214	0
1472	0
1472	0
1244	0
1472	0
1472	0
832	0
1472	0
1472	0
1362	0
1472	0
1472	0
855	0
1472	0
1472	0
535	0
1472	0
1472	0
1241	0.001
1472	0
1472	0
935	0
1472	0
1472	0
708	0
1472	0
1472	0
994	0.236
1472	0
1472	0
1472	0
1472	0
1472	0
1472	0
1472	0
1472	0
1472	0
1472	0
1472	0
1472	0
1472	0
1472	0
1472	0
1472	0
1472	0
1472	0
1472	0
1472	0
1472	0
1472	0
1472	0
215	0
1472	0
1472	0
1305	0
1472	0
1472	0
903	0
1472	0
1472	0
741	0
1472	0
1472	0
769	0
1472	0
1472	0
841	0
1472	0
1472	0
528	0
1472	0
1472	0
609	0.001
1472	0
1472	0
1407	0
1472	0
1472	0
1171	0
1472	0
1472	0
822	0
1472	0
1472	0
1369	0
1472	0
1472	0
1472	0
1472	0
1472	0
1472	0
1472	0
1472	0
1472	0
1472	0
1472	0
1472	0
1472	0
1472	0
1472	0
1472	0
1472	0
1472	0
1472	0
1472	0
1472	0
1472	0
1472	0
620	0
1472	0
1472	0
1279	0.236
1472	0
1472	0
1100	0
1472	0
1472	0
982	0
1472	0
1472	0
933	0
1472	0
1472	0
1202	0.001
1472	0
1472	0
1217	0
1472	0
1472	0
1000	0
1472	0
1472	0
1439	0
1472	0
1472	0
1409	0
1472	0
1472	0
945	0
1472	0
1472	0
1472	0
61	0
1472	0
1472	0
1472	0
1472	0
1472	0
1472	0
1472	0
1472	0
1472	0
1472	0
1472	0
1472	0
1472	0
1472	0
1472	0
1472	0
1472	0
1472	0
1472	0
1472	0
1472	0
1472	0
1107	0
1472	0
1472	0
1088	0
1472	0
1472	0
671	0
1472	0
1472	0
783	0
1472	0
1472	0
587	0.254
1472	0
1472	0
1072	0
1472	0
1472	0
922	0
1472	0
1472	0
913	0
1472	0
1472	0
1272	0
1472	0
1472	0
1099	0
1472	0
1472	0
825	0
1472	0
1472	0
1221	0
1472	0
1472	0
1472	0
1472	0
1472	0
1472	0
1472	0
1472	0
1472	0
1472	0
1472	0
1472	0
1472	0
1472	0
1472	0
1472	0
1472	0
1472	0
1472	0
1472	0
1472	0
1469	0
1472	0
1472	0
1230	0
1472	0
1472	0
782	0
1472	0
1472	0
835	0
1472	0
1472	0
611	0
1472	0
1472	0
1021	0
1472	0
1472	0
854	0
1472	0
1472	0
729	0.254
1472	0
1472	0
1223	0
1472	0
1472	0
980	0
1472	0
1472	0
736	0
1472	0
1472	0
1044	0
1472	0
1472	0
1472	0
1472	0
1472	0
1472	0
1472	0
1472	0
1472	0
1472	0
1472	0
1472	0
1472	0
1472	0
1472	0
1472	0
1472	0
1472	0
1472	0
1472	0
1472	0
563	0
1472	0
1472	0
1115	0
1472	0
1472	0
589	0
1472	0
1472	0
771	0
1472	0
1472	0
568	0
1472	0
1472	0
1258	0.001
1472	0
1472	0
929	0
1472	0
1472	0
418	0
1472	0
1472	0
1118	0
1472	0
1472	0
699	0
1472	0
1472	0
301	0.253
1472	0
1472	0
620	0
1472	0
1472	0
1472	0
1472	0
1472	0
1472	0
1472	0
1472	0
1472	0
1472	0
1472	0
1472	0
1472	0
1472	0
1472	0
1472	0
1472	0
1472	0
1472	0
1472	0
1448	0
1472	0
1472	0
1121	0
1472	0
1472	0
689	0
1472	0
1472	0
555	0
1472	0
1472	0
416	0
1472	0
1472	0
748	0.001
1472	0
1472	0
416	0
1472	0
1472	0
346	0
1472	0
1472	0
798	0
1472	0
1472	0
701	0
1472	0
1472	0
413	0
1472	0
1472	0
710	0
1472	0
1472	0
1472	0
1472	0
1472	0
1472	0
1472	0
1472	0
1472	0
1472	0
1472	0
1472	0
1472	0
1472	0
1472	0
1472	0
1472	0
1472	0
1472	0
1472	0
1240	0
1472	0
1472	0
1174	0.253
1472	0
1472	0
565	0
1472	0
1472	0
368	0
1472	0
1472	0
252	0
1472	0
1472	0
678	0
1472	0
1472	0
470	0.001
1472	0
1472	0
338	0
1472	0
1472	0
824	0
1472	0
1472	0
675	0
1472	0
1472	0
344	0
1472	0
1472	0
811	0
1472	0
1472	0
1472	0
1472	0
1472	0
1472	0
1472	0
1472	0
1472	0
1472	0
1472	0
1472	0
1472	0
1472	0
1472	0
1472	0
1472	0
1472	0
1472	0
1472	0
1200	0
1472	0
1472	0
1067	0
1472	0
1472	0
198	0
1472	0
1472	0
109	0
1472	0
1472	0
329	0.254
1472	0
1472	0
549	0
1472	0
1472	0
603	0
1472	0
1472	0
475	0
1472	0
1472	0
1016	0
1472	0
1472	0
615	0
1472	0
1472	0
424	0
1472	0
1472	0
764	0
1472	0
1472	0
1472	0
1472	0
1472	0
1472	0
1472	0
1472	0
1472	0
1472	0
1472	0
1472	0
1472	0
1472	0
1472	0
1472	0
1472	0
1472	0
1472	0
1472	0
972	0
1472	0
1472	0
938	0
1472	0
1472	0
346	0
1472	0
1472	0
304	0
1472	0
1472	0
103	0
1472	0
1472	0
150	0
1472	0
1472	0
220	0
1472	0
1472	0
115	0.254
1472	0
1472	0
418	0
1472	0
1472	0
598	0
1472	0
1472	0
285	0
1472	0
1472	0
397	0
1472	0
1472	0
1472	0
1472	0
1472	0
1472	0
1472	0
1472	0
1472	0
1472	0
1472	0
1472	0
1472	0
1472	0
1472	0
1472	0
1472	0
1472	0
1472	0
1472	0
939	0
1472	0
1472	0
1031	0
1472	0
1472	0
622	0
1472	0
1472	0
210	0
1472	0
1472	0
128	0
1472	0
1472	0
816	0
1472	0
1472	0
408	0
1472	0
1472	0
79	0
1472	0
1472	0
664	0.001
1472	0
1472	0
386	0
1472	0
1472	0
224	0
1472	0
1472	0
382	0.27
1472	0
1472	0
1472	0
1472	0
1472	0
1472	0
1472	0
1472	0
1472	0
1472	0
1472	0
1472	0
1472	0
1472	0
1472	0
1472	0
1472	0
1472	0
1472	0
1472	0
850	0
1472	0
1472	0
874	0
1472	0
1426	0
1472	0
1167	0
1472	0
1298	0
1472	0
1472	0
175	0
1472	0
1472	0
70	0
1472	0
1217	0
1472	0
1472	0
415	0
1472	0
1472	0
317	0
1472	0
1346	0.001
1472	0
1472	0
280	0
1472	0
1472	0
1472	0
1472	0
1472	0
1472	0
1472	0
1472	0
1472	0
1472	0
1472	0
1472	0
1472	0
1472	0
1472	0
1472	0
1472	0
1472	0
1472	0
1472	0
858	0
1472	0
1472	0
904	0
1472	0
1472	0
283	0
1472	0
1472	0
219	0.27
1472	0
1472	0
115	0
1472	0
1472	0
515	0
1472	0
1472	0
428	0
1472	0
1472	0
195	0
1472	0
1472	0
927	0
1472	0
1472	0
442	0
1472	0
1472	0
57	0
1472	0
1472	0
985	0.001
1472	0
1472	0
1472	0
1472	0
1472	0
1472	0
1472	0
1472	0
1472	0
1472	0
1472	0
1472	0
1472	0
1472	0
1472	0
1472	0
1472	0
1472	0
1472	0
1472	0
794	0
1472	0
1472	0
1049	0
1472	0
1472	0
180	0
1472	0
1251	0
1472	0
1269	0
1472	0
1472	0
139	0
1472	0
1469	0
1472	0
1358	0.27
1472	0
1472	0
408	0
1472	0
1472	0
130	0
1472	0
1367	0
1472	0
1472	0
308	0.001
1472	0
1472	0
1472	0
1472	0
1472	0
1472	0
1472	0
1472	0
1472	0
1472	0
1472	0
1472	0
1472	0
1472	0
1472	0
1472	0
1472	0
1472	0
1472	0
1472	0
583	0
1472	0
1472	0
920	0
1472	0
1397	0
1472	0
1472	0
61	0
1472	0
1180	0
1472	0
1472	0
446	0
1472	0
1472	0
283	0
1472	0
1288	0
1472	0
1472	0
363	0
1472	0
1300	0
1472	0
1160	0
1472	0
1472	0
137	0.271
1472	0
1472	0
1472	0
1472	0
1472	0
1472	0
1472	0
1472	0
1472	0
1472	0
1472	0
1472	0
1472	0
1472	0
1472	0
1472	0
1472	0
1472	0
1472	0
1472	0
13	0
1472	0
1472	0
925	0
1472	0
1472	0
171	0
1472	0
1375	0
1472	0
1373	0
1472	0
1472	0
750	0
1472	0
1472	0
375	0
1472	0
1472	0
277	0
1472	0
1472	0
975	0
1472	0
1472	0
738	0
1472	0
1472	0
223	0
1472	0
1472	0
955	0
1472	0
1472	0
1472	0
1472	0
1472	0
1472	0
1472	0
1472	0
1472	0
1472	0
1472	0
1472	0
1472	0
1472	0
1472	0
1472	0
1472	0
1472	0
1472	0
1472	0
1472	0
492	0
1472	0
1472	0
1039	0
1472	0
1472	0
378	0.271
1472	0
1472	0
358	0
1472	0
1472	0
200	0
1472	0
1472	0
679	0
1472	0
1472	0
768	0
1472	0
1472	0
197	0
1472	0
1472	0
953	0
1472	0
1472	0
828	0
1472	0
1472	0
468	0
1472	0
1472	0
854	0
1472	0
1472	0
1472	0
1472	0
1472	0
1472	0
1472	0
1472	0
1472	0
1472	0
1472	0
1472	0
1472	0
1472	0
1472	0
1472	0
1472	0
1472	0
1472	0
1472	0
1472	0
782	0
1472	0
1472	0
1235	0
1472	0
1472	0
450	0
1472	0
1472	0
431	0
1472	0
1472	0
427	0
1472	0
1472	0
1125	0
1472	0
1472	0
591	0.001
1472	0
1472	0
775	0.27
1472	0
1472	0
1183	0
1472	0
1472	0
705	0
1472	0
1472	0
575	0
1472	0
1472	0
1413	0
1472	0
1472	0
1472	0
1472	0
1472	0
1472	0
1472	0
1472	0
1472	0
1472	0
1472	0
1472	0
1472	0
1472	0
1472	0
1472	0
1472	0
1472	0
1472	0
1472	0
1472	0
711	0
1472	0
1472	0
1026	0
1472	0
1472	0
360	0
1472	0
1472	0
524	0
1472	0
1472	0
115	0.001
1472	0
1472	0
598	0
1472	0
1472	0
412	0
1472	0
26	0
1472	0
1472	0
676	0
1472	0
1472	0
566	0
1472	0
1472	0
141	0
1472	0
1472	0
605	0.27
1472	0
1472	0
1472	0
1472	0
1472	0
1472	0
1472	0
1472	0
1472	0
1472	0
1472	0
1472	0
1472	0
1472	0
1472	0
1472	0
1472	0
1472	0
1472	0
1472	0
1472	0
1090	0
1472	0
1472	0
1137	0
1472	0
1472	0
447	0
1472	0
1472	0
489	0
1472	0
1472	0
200	0
1472	0
1472	0
423	0
1472	0
1472	0
661	0.001
1472	0
1472	0
124	0
1472	0
1472	0
862	0
1472	0
1472	0
441	0
1472	0
1472	0
430	0
1472	0
1472	0
959	0
1472	0
1472	0
1472	0
1472	0
1472	0
1472	0
1472	0
1472	0
1472	0
1472	0
1472	0
1472	0
1472	0
1472	0
1472	0
1472	0
1472	0
1472	0
1472	0
1472	0
1472	0
34	0
1472	0
1472	0
1400	0
1472	0
1472	0
597	0
1472	0
1472	0
223	0.27
1472	0
1455	0
1472	0
1472	0
592	0
1472	0
1472	0
351	0
1472	0
1472	0
169	0
1472	0
1472	0
359	0
1472	0
1472	0
213	0.001
1472	0
1309	0
1472	0
1472	0
305	0
1472	0
1472	0
1472	0
1472	0
1472	0
1472	0
1472	0
1472	0
1472	0
1472	0
1472	0
1472	0
1472	0
1472	0
1472	0
1472	0
1472	0
1472	0
1472	0
1472	0
1472	0
109	0
1472	0
1472	0
855	0
1472	0
1038	0
1472	0
881	0
1472	0
1258	0
1472	0
1432	0
1472	0
1211	0
1472	0
1368	0
1472	0
28	0.287
1472	0
1169	0
1472	0
1133	0.001
1472	0
1235	0
1472	0
1472	0
1472	0
1472	0
1472	0
1472	0
1472	0
1472	0
1472	0
1472	0
1472	0
1472	0
1472	0
1472	0
1472	0
1472	0
1472	0
1472	0
1472	0
1472	0
1472	0
148	0
1472	0
1472	0
552	0
1472	0
1009	0
1472	0
869	0
1472	0
1041	0
1472	0
1461	0
1472	0
1259	0
1472	0
1467	0
1472	0
1472	0
567	0
1472	0
1472	0
286	0
1472	0
1472	0
60	0
1472	0
1472	0
974	0.271
1472	0
1472	0
1472	0
1472	0
1472	0
1472	0
1472	0
1472	0
1472	0
1472	0
1472	0
1472	0
1472	0
1472	0
1472	0
1472	0
1472	0
1472	0
1472	0
1472	0
1472	0
1472	0
394	0
1472	0
1472	0
1287	0
1472	0
1472	0
795	0
1472	0
1472	0
706	0
1472	0
1472	0
513	0
1472	0
1472	0
1079	0
1472	0
1472	0
1096	0
1472	0
1472	0
1132	0
1472	0
1472	0
1436	0
1472	0
1472	0
933	0
1472	0
1472	0
751	0
1472	0
1472	0
1262	0
1472	0
1472	0
1472	0
1472	0
1472	0
1472	0
1472	0
1472	0
1472	0
1472	0
1472	0
1472	0
1472	0
1472	0
1472	0
1472	0
1472	0
1472	0
1472	0
1472	0
1472	0
1472	0
680	0
1472	0
1472	0
1472	0
82	0
1472	0
1472	0
729	0.001
1472	0
1472	0
535	0
1472	0
1472	0
386	0
1472	0
1472	0
650	0.287
1472	0
1472	0
772	0
1472	0
1472	0
167	0
1472	0
1472	0
908	0
1472	0
1472	0
678	0
1472	0
1472	0
374	0
1472	0
1472	0
930	0
1472	0
1472	0
1472	0
1472	0
1472	0
1472	0
1472	0
1472	0
1472	0
1472	0
1472	0
1472	0
1472	0
1472	0
1472	0
1472	0
1472	0
1472	0
1472	0
1472	0
1472	0
1472	0
834	0
1472	0
1472	0
1354	0
1472	0
1472	0
49	0
1472	0
17	0
1472	0
894	0
1472	0
1472	0
290	0
1472	0
1193	0
1472	0
853	0.001
1472	0
1472	0
91	0
1472	0
1181	0
1472	0
1189	0.287
1472	0
1472	0
203	0
1472	0
1472	0
1472	0
1472	0
1472	0
1472	0
1472	0
1472	0
1472	0
1472	0
1472	0
1472	0
1472	0
1472	0
1472	0
1472	0
1472	0
1472	0
1472	0
1472	0
1472	0
1472	0
1113	0
1472	0
1472	0
906	0
1472	0
1472	0
408	0
1472	0
1472	0
211	0
1472	0
1472	0
540	0
1472	0
1472	0
670	0
1472	0
1472	0
626	0
1472	0
1472	0
731	0
1472	0
1472	0
1157	0.001
1472	0
1472	0
101	0
1472	0
1472	0
292	0
1472	0
1472	0
797	0
1472	0
1472	0
1472	0
1472	0
1472	0
1472	0
1472	0
1472	0
1472	0
1472	0
1472	0
1472	0
1472	0
1472	0
1472	0
1472	0
1472	0
1472	0
1472	0
1472	0
1472	0
1472	0
956	0
1472	0
1472	0
1342	0
1472	0
1472	0
684	0.27
1472	0
1472	0
488	0
1472	0
1472	0
101	0
1472	0
1472	0
222	0
1472	0
1449	0
1472	0
1472	0
292	0
1472	0
1472	0
1146	0
1472	0
1472	0
911	0
1472	0
1472	0
893	0
1472	0
1472	0
1401	0.001
1472	0
1472	0
1472	0
1472	0
1472	0
1472	0
1472	0
1472	0
1472	0
1472	0
1472	0
1472	0
1472	0
1472	0
1472	0
1472	0
1472	0
1472	0
1472	0
1472	0
1472	0
1472	0
947	0
1472	0
1472	0
1283	0
1472	0
1186	0
1472	0
1472	0
335	0
1472	0
1472	0
786	0
1472	0
1472	0
1308	0
1472	0
1472	0
768	0
1472	0
1472	0
715	0
1472	0
1472	0
589	0.304
1472	0
1472	0
870	0
1472	0
1472	0
60	0
1472	0
1472	0
515	0.001
1472	0
1472	0
1472	0
1472	0
1472	0
1472	0
1472	0
1472	0
1472	0
1472	0
1472	0
1472	0
1472	0
1472	0
1472	0
1472	0
1472	0
1472	0
1472	0
1472	0
1472	0
1472	0
843	0
