Enter the values of k (number of markov stations : k=(number of MCS)- 1 ), NumberOfStations,NumberOfantennas, Rhos for each (source,destination), fm, R, A[1] to A[k-1], and MCS0 to MCSk-2 (example: MCS0 to MCS7 in 802.11n 20 MHz)   in separate lines:
9
10
2
5.13
5.13
5.13
5.13
5.13
5.13
5.13
5.13
5.13
5.13
5.13
5.13
5.13
5.13
5.13
5.13
5.13
5.13
5.13
5.13
5.13
5.13
5.13
5.13
5.13
5.13
5.13
5.13
5.13
5.13
5.13
5.13
5.13
5.13
5.13
5.13
5.13
5.13
5.13
5.13
5.13
5.13
5.13
5.13
5.13
5.13
5.13
5.13
5.13
5.13
5.13
5.13
5.13
5.13
5.13
5.13
5.13
5.13
5.13
5.13
5.13
5.13
5.13
5.13
5.13
5.13
5.13
5.13
5.13
5.13
5.13
5.13
5.13
5.13
5.13
5.13
5.13
5.13
5.13
5.13
5.13
5.13
5.13
5.13
5.13
5.13
5.13
5.13
5.13
5.13
5.13
5.13
5.13
5.13
5.13
5.13
5.13
5.13
5.13
5.13
2
300
0.5
2.5
3
4.5
5.3
9.12
10.5
11
6.5
13
19.5
26
39
52
58.5
65

